-5810
-243
4555
-1317
-3540
-3678
-9763
2032
3702
8874
-5905
-5186
-3686
-4034
-6350
9839
311
6529
-5531
-8497
7830
-1180
6763
4532
1612
-1254
-6625
8342
-4630
8415
8144
9215
-6536
9957
8242
3667
3431
4856
-4032
-348
-2304
3673
3282
-695
795
-5794
2695
8388
-9964
13431
5173
-2550
-1712
-4745
2045
1978
-9788
-6306
8504
-6663
-9345
-737
2095
-2833
-5370
8063
5403
6428
2169
-3707
-9317
-5725
-4521
-2889
8502
-12
1256
7291
-1642
-5392
-7327
-5746
3080
4171
-20
3645
405
-331
-5739
7364
2325
-8678
-7722
7058
-2668
7495
-5903
-1150
5812
-8315
-543
6437
7411
3540
5943
2711
-7518
-682
-1384
-9182
-7349
-3867
2921
-9466
-9294
-2628
5263
-7613
1987
6509
-1777
6495
8320
8911
-1245
4581
1208
-1839
8705
13702
-7635
-9206
-2226
-5515
2704
-7028
-396
1745
7568
2793
5370
-534
-1148
-4987
5459
2730
-311
4102
-7148
-4470
-9547
-5780
-5760
-7431
-3929
4561
-2214
-2922
-1455
7465
272
9296
6517
4049
9668
3127
7998
7180
10311
-8413
-9467
2191
3134
2281
-557
9253
-8720
-1312
1435
8842
2794
-6567
-9287
1752
-6458
-7528
-2792
-8932
2409
-15186
-3545
8478
-893
4150
10405
9843
8645
6201
-8729
-9188
-8498
-608
-6771
-9644
-17528
376
6976
4714
-2139
4418
2527
7062
6419
-6532
-3292
-19317
8119
-8690
-7694
7134
5985
5762
-17518
13
-4831
-4067
6667
-7758
3062
-5498
7073
3851
2139
4071
2694
5900
6524
-5875
7402
-5652
572
7590
-3336
9862
3126
1218
-998
9512
-6036
-6244
-2597
-9997
4016
-2997
-1631
-15875
13062
9972
3891
-8103
-6288
6262
9311
-2856
-5150
-5708
-1783
3820
-5848
-7352
2560
-6419
4452
-6023
-5718
-6616
-8411
1901
4673
-524
6767
5735
2910
2016
-5630
-6707
-6980
4032
455
-1187
4535
2658
-3961
-5105
5662
-5047
-920
-3110
-919
3357
933
8127
-7306
-3392
-7812
1069
-6986
-2107
8407
-3417
4641
-8977
-542
6933
6096
1174
6968
-8447
1720
7407
2198
6159
-9123
-9429
-9899
-8399
231
2865
6537
-8142
-5676
9004
-8038
-2284
8178
4900
6868
-3438
244
-9790
9833
-588
-9195
-5158
-7611
-6388
-4609
5685
-5122
-5152
9947
-520
-2039
1849
66
-2502
5365
-8894
5568
-7003
6979
6739
7501
8336
9359
400
1301
-9801
5093
5442
7412
8245
2783
-1733
-9160
-9881
-3059
-17306
1085
7675
-722
-9560
-6302
-8012
-9600
43
534
-5288
-1891
-1278
4865
-9912
8719
-1746
-8099
-11455
410
-1422
-3677
5156
-9709
-3996
-7005
-3583
-5730
-8544
7781
-19644
-8550
9368
132
-6686
7762
-8767
-1015
-9667
8896
-4217
8948
3909
5111
766
-8240
-7206
-8947
6243
11174
-4497
17590
2128
-2737
8955
-9831
5457
8433
-1788
-3635
-2639
-1382
-5264
-7895
18504
-1454
-4338
6129
-3847
-12214
2616
-3977
-5850
-9474
-9756
7816
7990
-2434
-6795
-2286
8648
-5027
3120
4632
-12889
576
-8419
-21455
7010
5339
-3414
1933
-6885
6345
-2954
-5588
2965
-1648
3457
2230
-2222
5494
5545
-12304
6006
4880
-1798
-7020
-7533
-8237
6237
-7630
-2181
9627
-6882
1441
4210
-7039
-6218
2558
-4744
-8295
1363
3824
-6772
-4891
-8770
2844
7979
-1640
8615
1242
-3923
2456
6019
436
5204
3425
394
2444
-5748
-7806
-4551
6010
7133
-8357
-977
-3803
-7192
8050
4422
2662
9951
-2724
-6182
9781
5077
7731
-9161
7743
-4631
2069
-9789
11933
9670
-6618
-2631
-4432
-5512
9879
4082
5934
5345
-5088
8460
1104
4513
-9836
2723
-4926
7559
-2775
9354
5253
-2097
3986
4367
6466
3267
-19790
-501
-6992
12783
6332
-5775
6863
-3524
-2739
7870
8975
8479
-6028
-3988
4473
-8768
-9035
1873
-9834
6001
-2872
2132
-6340
-6738
-2787
-6128
7149
-3158
16332
6120
-6228
-4966
1593
6735
28504
-1853
-19667
4040
-8661
-4344
5786
-5160
16001
-6590
-122
-7995
16968
-8131
516
827
-3149
7326
-7090
6501
-9767
7716
9547
-4575
8249
2307
5638
-13292
-7079
-9974
2335
-8124
-3260
11593
-3989
3536
11069
2146
8897
1125
-4995
-6727
834
-15746
-6048
2907
6850
4485
5451
-7241
9053
1287
233
8985
-2571
9241
-2467
-1149
1621
1038
3562
4156
4849
-5433
-3014
-8675
-701
-4670
-7433
-2133
-8433
-807
-3483
-4128
-830
-3885
-6580
3194
-2370
6797
6626
4837
-692
-7504
-9095
3153
18615
-1659
-6799
-2564
6681
19368
-6085
4809
1428
-9668
3926
-9335
-7307
5626
-3209
-5727
-7378
-9958
-3550
-15433
-3570
-8940
1115
-8395
-9301
7213
-14521
-6924
1318
8100
8606
4640
-12097
-4377
-4076
-3849
8980
2422
-3453
977
596
4760
11287
-4619
-9001
-9624
-9215
3395
4903
-2702
-287
-7426
-3084
4518
9692
4962
6085
5907
-463
8176
-6877
-2562
3754
4678
7727
-1678
-4810
19215
-5130
5033
2224
-12370
-2466
8185
9123
5471
839
-9251
5952
-1096
-3368
2790
-7119
-7476
1968
9811
-5213
5723
-3243
16509
14561
-2812
2664
-4699
-9180
-9443
-7415
1595
8950
7550
-3615
11242
-25875
-4129
-12039
3149
9447
-2539
14102
-2645
4539
-2199
-361
504
-98
3440
4047
9235
9458
538
3206
1233
-2191
4217
8748
18407
-8007
-9144
9717
-6745
-5240
-3334
13153
7311
7682
18950
14535
-2690
-5043
5519
-5922
-6790
-8710
-5242
4874
-1320
5832
-7042
-7815
-7789
7772
-5263
849
-7452
1055
-25186
-3477
5257
-5793
-8778
4441
-8788
-935
-9389
2804
8836
-4407
7999
10538
7451
2886
-17635
-16567
6477
-9612
1151
1201
-3838
6350
583
-760
-7053
26332
-7928
-5016
4952
-677
14513
4938
562
17731
-3271
17870
-7677
-9982
4120
-2479
17
-6261
-9501
-4104
-6179
-8157
7012
32
16350
883
2788
-2657
7491
15832
-5111
9206
-63
5960
1905
7769
-5801
8858
-3861
5045
5127
8201
2370
-3883
2516
-7761
-38
-1010
-17352
408
-378
20405
-2538
6740
4044
-4170
-4492
-3796
5669
-5280
4409
-241
-5083
-9375
-539
2898
-667
1147
6865
-814
-5711
-2048
-5832
552
15033
725
4017
7339
-9238
6756
-22
4575
-3300
-3117
7644
-8139
-2598
301
4799
-1641
-2176
3570
4408
6084
9890
-6821
-15027
-3548
8626
3876
-2416
18874
3516
-104
-6056
2324
-1235
-1383
8545
-4708
17364
313
-4910
-10122
-1462
14938
-1079
8403
-7414
1514
8622
-3201
431
-1929
5307
-5390
-5031
-4590
6208
4342
-6815
-6378
1794
-5484
-6728
8230
-8605
-8864
3300
15568
-3472
3705
-1381
-7438
-1407
9137
2231
7699
1112
2893
-3155
-9412
-4871
4576
9650
-13149
-5120
1526
-8599
-2519
-5938
15723
-3822
9677
3161
-1090
4978
13876
9364
3054
-2508
-394
-60
-2158
9550
-5389
1635
6910
-7360
7958
-9211
8082
-18497
-687
6760
8591
605
-7247
7105
5291
6014
4994
-2244
4779
-4304
-8470
-2774
-8612
2164
-4422
7210
-2452
4385
-5458
3172
-759
-4384
-2346
16477
-13014
6387
1037
8272
-5808
-5278
-7443
-9587
-825
4144
-9217
-5191
-124
-7948
8225
8355
6932
15985
-8147
5510
-13158
-8909
6668
1111
-7057
-4675
17979
-7089
-16992
-9903
7994
6569
-6921
4279
-6193
-7956
8322
1762
-13583
-1485
-9864
-8062
1875
3991
16120
6311
30405
-2038
-5981
2200
847
-3534
8335
4992
-2235
-1037
-226
-8325
6294
8468
-14304
-736
17816
2874
-10919
9604
-5217
-990
-3257
6486
2436
-7696
6783
5809
2347
12307
-9398
5644
4190
18478
13357
-18295
150
7520
-3692
-357
-9696
13080
-3782
-347
-1379
6805
7104
7863
11301
9252
4107
-2147
-13796
-4782
-7534
1879
3498
-7590
3326
-17806
-6506
-7507
7216
-9394
-1357
-16532
-7301
-1827
-2459
6612
3033
18355
-1172
7400
99
-2194
-16388
8209
1555
4348
-1661
-2853
1629
19843
-7493
-9693
-8466
-9996
109
-6052
-7236
-4057
9630
-25433
-8140
9117
12965
2535
5206
8689
-17433
3382
1442
1179
5495
-4306
141
-15630
2434
6079
2391
8186
8102
-10311
-14492
3245
6609
-1324
5730
-6158
9686
9586
-17241
-7532
2377
-5069
-6912
-4758
6806
-4173
-6568
-4355
8768
-1000
-8886
-8955
-3183
-4777
-9453
-5198
12370
7160
-2600
5417
-15198
-2757
7871
-7250
19354
-85
-8061
-19453
-6622
1974
5149
246
4620
-1958
9521
663
8822
2618
5484
-4878
6686
-5584
16979
-13438
-8063
-7390
957
-7245
-7540
-2688
8608
9078
-5260
40405
1887
-17426
-18886
5861
-6149
1884
115
3860
-1573
908
7251
-798
4141
-5991
-3634
-3993
-17003
9910
-10063
-3028
-16128
981
-8327
-8782
-8861
1253
-9700
-7796
637
-6796
-182
-2377
2748
4092
5655
-415
6499
2892
-4712
8752
-1522
7657
7172
-3694
2598
-3794
-6602
-142
-5143
-19763
-17761
-9558
-5163
-1424
-7724
1479
-4954
3428
17411
-9017
4311
-3607
16499
7530
6335
7741
3542
2229
4246
980
-15458
20311
3063
-17452
1542
-10520
3433
-3690
-440
-18470
-1341
5485
-610
7204
-9697
9589
-14926
-4545
-2178
-2041
-6764
-5542
-6472
5198
-1286
7379
-6305
8499
-9269
8563
9220
-17443
-4180
1261
-55
-1776
-2472
-145
9088
-7149
-17724
-8714
-5044
8362
1443
4733
-13271
6227
18591
6292
-5889
3632
14017
26001
-9315
5350
6357
-29453
19677
8137
-276
16
4553
13433
-23149
26968
21242
-7399
-6880
4464
-8075
8480
-3440
18606
16524
15484
-3109
-6246
7238
535
-9753
-663
-657
6482
173
11112
-12434
8303
2012
-4202
1130
-1996
-325
4753
5040
6104
201
-3944
-8098
-9565
-2640
18225
-2046
-5980
8000
-16625
10150
1918
5582
8760
-4693
-3748
-10022
-1691
2448
-1374
6442
1909
8011
4521
811
1620
14837
-2156
-6944
-636
-6630
-16536
-14708
926
-4701
-4548
8248
-2544
-3974
-19443
51
599
7710
4080
3643
-7570
6491
16529
17644
-4075
-5072
5754
-1673
-6613
5889
15582
-7598
-5547
-6163
361
-19467
9895
-18139
-429
-3323
-6716
-442
9619
-2669
-6490
8915
4155
-6935
5520
2173
195
501
-7881
-5440
897
-18612
3250
-3749
1767
10637
27364
122
-8377
-934
-2924
-15213
9864
-3038
1772
9489
-9116
3962
14016
-10348
-8250
-2514
-1433
-8150
-22889
7925
15730
-10104
2483
10605
3464
-2023
9373
9077
3966
8378
-9388
5961
-305
7578
-9104
14532
-3444
8592
-191
6176
-6411
-160
2052
-27806
-7941
-5698
5886
4090
-9695
-17995
24561
4081
12434
15786
9424
-6204
630
1504
-3681
-3638
-2759
-7910
1806
5309
-9853
4860
7164
-6180
9474
-936
2672
-9450
-7456
-11079
3865
5617
-5860
-19375
-6543
-17053
6770
-24304
12224
18975
5392
-7731
-27518
67
3232
592
-6824
-5666
620
-1583
3517
18915
6089
9268
-15389
23433
-6638
-19394
14880
-5590
-16163
-11172
886
-2402
-7294
5229
-1002
-582
2763
-5717
8851
-9013
11875
6980
6954
4419
-2130
-4021
14632
-3337
-13540
-8797
-7869
2734
-8068
-17910
-4683
-8199
-2876
-5244
-3378
-202
8572
-199
7900
5794
-8232
-10124
-7967
-3921
1827
1268
1042
-1834
513
-27724
7319
744
4191
-5459
-1099
-831
-1577
-4584
-313
6871
-7467
4710
4379
4152
-10243
-7096
-8691
-4622
-2145
-7295
11526
6691
-8227
7220
-9643
13643
-4000
-19013
-647
-7281
-8467
-7975
-9759
1446
5982
9805
21593
-1545
13425
3090
8848
7851
16609
-1261
6775
7046
-7040
-3717
4835
10883
-5300
-109
-7985
25582
-4877
-16305
-2667
-4660
1190
-15130
5179
7514
9532
-6859
7746
451
2629
50405
-6785
-8913
5969
9329
6544
-2986
8150
2395
-14966
-3647
-16796
-7321
5593
320
-550
-5847
13962
-15542
7305
-7537
773
-17493
-9983
-19558
7235
-2706
-2282
-10055
-14758
793
-7229
5175
-4148
14865
2477
4181
-437
19206
6099
11806
729
7380
-24521
5699
-7799
-3181
-4990
-1451
24102
-4536
5201
2186
-19958
-3613
-8970
714
1068
-875
7348
-7225
3823
-1876
21301
-12639
23357
4708
-11485
3093
-3313
2676
-17
-9783
6562
-7521
7801
-16158
-7811
-5639
2871
8813
-14180
11256
6375
1158
-3131
2249
2319
-7795
-14584
1738
14581
-27352
-3464
-1962
2584
4861
-3958
9937
3276
-6977
1685
12230
-4649
-17598
9608
3584
-13550
3340
-66
3784
5732
6333
3655
966
12763
-18550
674
3178
-7622
955
6712
-20520
-5178
4939
-23292
-9544
-2373
-7719
1377
7218
4021
9498
-4905
5823
-3369
14418
24865
147
4715
1057
-14217
-6038
15960
5016
-20348
6975
-3347
15545
8333
-27995
6320
16227
7325
-8169
-14701
4666
10408
8902
8756
3371
-3495
-2081
11849
4472
-7253
16954
-1195
-324
16442
-9585
9251
6596
-8699
-4398
1675
8890
6533
7858
3417
8239
6782
3478
-5562
-9401
-8757
-8996
-1901
1117
9564
4517
-8291
-10442
-9536
5254
-18124
2854
-5174
-2953
-3699
17319
-1532
3171
4459
199
-6386
16910
5246
-9727
-20311
4206
17958
-959
-881
-622
-5127
16569
-9084
-5497
6961
-15780
2687
7333
7605
-2239
-6013
-5291
-4651
12658
123
-177
5772
-4329
-616
-19700
-13794
-9567
-7588
8847
-346
28
-19450
-14470
4194
-6759
-640
7460
7540
722
-8511
-22097
-5209
19951
-6374
4788
3248
5622
9109
16775
-3711
-8332
1848
-2559
8710
4354
-2576
-10737
-7235
26979
-9795
9179
-5332
2577
1128
-930
-342
-1502
-10346
-5937
-6454
-12640
-2660
4013
-3512
19088
6798
-7670
-248
3530
15365
-7568
-4604
-15150
6190
8860
5243
-2951
9422
-3676
-5621
-16616
-13038
-8891
13093
-1816
35582
10599
-33292
7481
-10020
9793
-12833
26227
-5742
-7425
1086
387
-7227
1384
1095
1101
-10534
-16790
-9065
9314
-9955
13784
-13524
-8111
-8907
243
-1036
-2595
-19536
-37806
-300
-4930
16686
97
18768
-11783
8820
1330
2190
-12222
-344
5598
-17378
-8892
16159
-4800
-8890
-895
23876
-1464
-7966
-89
18082
-14800
-7450
-7018
-6296
7975
11318
11620
6289
-6342
19424
14120
-21079
-17504
8040
5656
-480
-5493
-7718
-475
271
13632
2800
-8697
2724
-883
18760
845
273
9807
7593
11261
-6962
7108
9478
15669
9201
7860
13530
-1293
2424
9880
6053
19373
-6417
7565
-2090
-2296
6745
1089
-756
2911
-944
-3293
5305
7898
-28139
-26158
224
8649
18239
-4187
26120
5024
2987
22370
9536
4255
-16618
-4958
9810
-5214
13248
1221
7809
-15562
8744
9914
6951
-3298
9801
-5528
6015
-284
381
2891
5779
9708
-11673
-17696
17238
3834
26350
-18955
-11691
-13822
-11678
3581
3611
-18907
-5626
37364
16865
6483
-17966
-7653
-18012
9249
3337
-16859
6603
1134
1847
-7121
-2121
-31455
-12107
4719
8277
-8406
10908
5308
7079
-27241
-1544
3556
8369
-4705
28615
-7246
4212
-11312
8494
9904
-12176
1688
14962
1497
9396
-6272
3969
3319
9976
-2189
91
-6459
-19188
1123
5640
3603
26686
894
-6049
12045
7783
7425
-1928
-1143
5664
-4475
5745
11042
1170
3569
4578
-119
11612
-7465
-4367
6290
-8281
-1468
-19881
-12954
3886
-6631
9382
-1856
2689
-401
19359
-16580
7881
11038
-15191
11147
5150
-12041
16190
-2649
-6665
-1158
-15639
9684
-3001
2908
-1944
19864
-3220
19890
-9363
7352
-4798
12436
-4374
5430
7730
-7954
-9683
-6393
-6131
-1687
8173
-12023
3124
-8078
-5795
-16986
4621
17172
-11379
1470
-18291
-2916
-1356
-2596
4587
-3823
16760
-4461
6601
-9286
-9891
-1339
-2117
-5132
21612
-7207
-9133
3338
6944
6173
-5404
8987
18000
7564
-5712
-2902
-7674
-753
12844
7856
6854
1431
-1305
11111
1510
3858
9052
2692
6852
-252
15685
17062
-16824
425
9398
6313
8522
-14306
-18970
7016
781
-15160
-7051
1026
-16374
-9272
-10429
-25562
-16417
14719
-5781
-6526
-2641
8967
-8865
15494
-5115
-4505
-591
-12576
26477
332
174
15246
-22434
-9170
-3819
-6792
1992
7724
-9837
758
-15991
-9576
-6651
12190
-2098
-7655
-3287
2923
-3632
-6075
5936
-2125
8363
-1603
-1224
-7111
25832
-15498
4922
16006
-34304
-18467
6025
-2265
-3515
-4725
3170
8870
4224
-17294
-1697
-8190
-208
15350
11847
-5165
-30348
18248
10272
-5175
-9213
-275
-123
-2331
-17040
-700
2638
3108
-10610
-416
13417
11221
-6735
-5483
1703
-4859
15510
6924
-8408
29359
265
7598
-4937
1385
-1467
17325
14673
-950
580
2993
-308
-8248
15952
3990
6824
5491
-17227
4059
-7650
2636
4235
-6385
-19899
17762
1932
23153
26442
17657
1945
7205
15345
-8695
34102
2273
3266
-13131
7393
-5969
20908
-9744
-172
7719
-5966
-9960
17216
-4994
-2340
12527
-8651
-5963
-19345
-566
-6156
-509
7796
11945
17898
-14407
-23131
-26580
2355
-9760
-6699
-8847
-19084
15622
-4343
-18063
1512
11887
-8530
-11901
-15760
1694
-626
-26536
-6730
-4920
-11245
-269
3497
-2655
-18395
-13109
-10934
-2277
2468
8141
-18327
3916
21526
-5703
-1415
14408
-24708
14379
-2173
8436
-10524
2490
-2464
4505
3311
-710
10773
1709
-40348
-9554
6070
-862
-9859
39359
-11788
-11356
-5450
-15165
-2421
4200
4635
6610
7280
-6854
-310
13581
3725
-9064
4278
-10313
-2187
359
-11642
-4399
-8077
4064
-4150
-3566
6894
9587
29864
16603
-4165
9665
-10760
-24407
16079
-823
-2687
329
15593
9221
7579
-4110
-5935
-8541
-37518
-5792
-3451
712
2180
-15497
1668
-9
-718
5511
34561
7328
10451
2969
16562
-8811
1735
7894
15644
-8584
-2250
-8806
-25991
1822
521
6624
-2602
13969
2583
-20022
-4378
19781
-4275
-3265
-27
-2008
13570
1424
18173
-277
-4601
-44304
-47806
-6879
9098
-29443
-5611
8878
19587
11151
9876
-8781
-2675
18468
11992
1061
5869
23093
-26128
7544
-10736
8086
-16882
2282
-8921
-4145
-11037
10827
4290
5014
855
-3314
930
-13944
6983
-3317
9310
-6446
22527
8669
-735
5069
738
4579
7181
-6677
27216
-7780
-18921
-3982
-11158
14354
2243
-9496
6401
36227
-12008
-8083
-7495
14044
13063
-21172
-717
6304
-6813
10017
2094
9673
-1824
925
-9551
-8230
18572
-14920
-1048
5006
3227
164
3830
10766
15257
-5869
-1218
8832
8929
18363
-8980
13227
-8558
-4519
6788
378
-5012
26865
6211
26603
9070
15006
-14660
-3648
-13678
-1076
947
-2781
-15288
-1094
-5930
-5494
-16631
-22304
16517
10141
3060
1109
-11187
-3480
-871
9909
5366
3873
1645
8663
-15528
8610
-2914
-10276
9848
13823
3766
3761
403
4138
12793
8060
16201
-9411
21933
4179
-5566
24938
10521
15459
-9262
8640
-15069
13090
2590
9150
-2646
-5548
-2735
18060
-22954
7337
-10663
6318
8427
-16716
3833
20451
832
-128
-13634
3842
-9471
-19389
4958
1891
-8036
5876
8973
-17207
-13417
5587
7422
12616
4686
9222
696
-27426
-5554
8305
4022
16053
2981
-5613
-2169
44
6818
9384
7654
4369
13206
-7911
-2301
-14891
-236
8811
30908
-6169
17559
-8569
-19668
-13988
-4363
-3862
-8822
-7088
2062
-8138
-1626
-5195
-27696
16015
-5684
2919
16596
-7140
-913
-1935
-16419
-18138
8546
12788
9935
-17192
-11422
-1227
14472
-6307
-11928
-14129
-1034
-1389
9567
10926
12422
-15708
9200
-17253
-6823
-1683
-6
-1469
8018
-5948
-12641
10403
-8380
-3106
17460
1236
8197
-174
-17327
1983
5259
2334
20599
-6994
-18190
-5251
7981
-25027
-8978
-5204
-1633
-9101
32370
15457
-29558
3855
-5308
7992
-17246
25593
3921
7260
5979
-2016
9481
16932
5888
-5348
6726
6877
4308
49359
6323
-6037
-15115
4679
8906
-1503
5051
-6222
214
12335
-5883
-4972
9166
6270
488
5408
8035
6145
14212
-17438
-18131
7607
5431
-2509
-1495
-9746
1389
5037
-4107
7738
-6978
-7070
24632
-9009
15626
-9061
-786
-18036
1618
7597
10044
-7462
6217
-8804
-19727
2979
23784
6653
-2093
5850
11621
27319
-3338
4325
-11777
-3259
4871
1850
8226
9968
-3820
-8123
-5282
-7446
-21777
9621
5663
-397
-9012
-8574
3951
6985
7217
2568
6577
-4793
-137
1502
-22023
15745
-18083
-18710
6356
-5447
-19612
8286
5567
-14536
2951
-11469
-13477
-3123
-15240
7310
14092
-15792
7349
-19116
-6405
9388
-15717
-1276
-6196
13108
-6231
6086
9316
4407
4720
7705
7231
-1223
-18978
-8097
-15727
18226
-10557
-3141
-21642
-3701
4568
-39558
-7508
11115
2709
16798
-25780
-1126
-9541
-54304
26517
8183
6772
-7760
948
-16048
17349
1971
16577
11983
9011
24418
-1022
8919
-6931
-24129
6962
-7923
4617
-29668
6700
5358
-6820
33153
20637
8076
4453
3018
-24920
10925
-6077
-3278
7265
218
-19834
12424
-3232
15037
-1597
7549
9726
18480
-222
-3856
22335
-25160
2970
-7679
2991
6256
-3397
-15105
29206
1562
3939
-1558
529
-3197
9884
6206
-2391
-6443
17514
-8028
-5051
7140
4074
-5157
-17679
18502
-1538
-2967
252
17851
-29790
8602
-10009
2207
5116
-15590
-3959
-5438
7876
-2578
2958
9882
8579
-8425
9129
9397
-10308
-17236
-15332
-3737
-9030
9381
437
17716
1719
16850
-29667
3543
20044
3681
-323
19957
-5330
-1500
-12538
2009
-2616
25006
-9270
8889
-32434
-2052
6923
-4676
5176
929
5526
4363
-8785
-13243
-1932
5829
6464
-792
-7529
12273
2462
4108
11932
7627
1053
9506
9274
-7711
-8326
1707
11685
2076
1984
-6927
-25165
-6485
-10006
22434
-6822
18100
7818
10115
-2978
-18413
-9876
-1588
-3935
-14604
8506
8260
-1835
-18690
-9619
-6026
-3511
5558
5373
-17148
3682
256
-15163
-17119
-5420
-15832
7553
-5806
1917
16923
2268
2236
17328
7145
-3913
-15072
-10700
12886
6892
732
19364
9538
-14104
-8161
20403
-16663
-1634
-10300
18320
12636
17710
27731
1716
-6876
-19335
15179
4089
9080
-10692
-9900
21111
-2834
-4833
-9011
13682
2713
-2747
4972
14978
-18281
-4017
-9992
-27119
4335
-14344
-18399
-9237
-2005
25545
19684
3967
4533
2193
26954
-878
20827
-4232
5949
-12090
-5488
3347
7917
-13993
-7671
-2488
-15905
9674
-1775
-15739
15417
-9487
10955
8034
-4464
-25332
2238
-7516
-6736
-31079
-6415
-4788
13842
2882
3284
17719
17291
-8125
9106
-2770
-14930
-115
-13699
4086
-36128
6728
13478
5543
8687
5935
-15047
23962
29088
-4228
-29116
36603
-817
-14831
-6836
5532
10224
-12978
-3775
13060
582
9543
9800
-889
-7458
6328
-1566
-20736
-840
8489
-16854
-4640
6828
-8734
12468
4219
26201
18973
18242
14141
9290
14992
-1670
-3619
8807
-4532
22793
-31642
-18380
-5733
481
-3340
5536
5647
1299
-3702
-9842
8317
19117
-5124
-3211
-10566
6785
15308
-9740
1224
-25717
-8231
3218
8972
-7616
9549
873
-5804
-789
-2029
2876
-1498
-1947
-2162
-9434
-1768
-4975
26529
-35875
-5580
-865
9446
8184
-1190
5048
9369
18286
-5787
4189
2537
21621
-9730
-13570
-3448
11268
154
-17051
3374
12893
-6744
21112
8005
684
27460
9644
-1147
-3538
-22641
14441
28502
16924
17333
7875
10013
-2015
-646
-10347
-15742
627
-6300
-1967
-16485
-508
3658
-4099
-13996
22422
-140
9403
31242
23570
-9922
33784
-5598
-2888
-1938
2617
-15124
-37696
-1895
-6588
-18028
-5510
635
8767
-13803
-15966
-4218
27979
-10667
22844
15024
-25191
5017
17181
-3897
16357
-4360
-8568
6687
-16037
23581
17917
21847
-10109
-8576
-12373
16010
14032
4696
7625
9272
20150
6412
2852
9393
-4142
20115
2310
1907
11562
3665
-16799
-17399
-9422
6895
2453
-9483
13665
8270
-10145
10455
17352
2256
15961
9903
14144
23062
5769
16289
1885
486
3328
-12145
-4206
3278
15869
25568
-203
4940
-8643
18460
-2752
5518
-8958
-14378
-15548
14071
-19412
37979
9995
-6812
2175
10534
38504
5378
14871
11794
-8191
-16446
9111
19532
-5664
13338
3111
-3239
-9368
-7950
11057
476
-5034
-6920
-18847
2795
3755
-21379
19807
-6717
-526
2336
-39443
10028
5795
24212
-16182
517
9961
1820
4795
-28497
-2057
-24104
-17149
9769
7065
-1248
39
-19466
24032
-7377
537
-10123
10244
-18077
-16272
-2517
10725
-19180
-29335
3475
13916
-53
9975
-7498
-9507
-12147
16668
-7909
4829
6769
-10871
2976
-9087
-15438
6928
6513
-12340
-9386
4201
-7499
-19795
-15566
-18377
-6563
-7200
-4194
-1012
-7151
4622
-7836
4800
-8973
3443
5822
-6202
16428
23425
8101
18119
7767
6536
-11835
-5778
18186
6841
-25727
19384
6062
-9754
-9827
-3706
4041
-3546
9758
-5079
-29795
6275
23417
-9511
12618
-4193
-4100
-8369
-4095
-11036
-4207
-39790
-4033
12444
2818
-15781
8490
14861
4863
14621
-25630
-14622
-4633
16624
6837
-29180
-9666
-1111
17104
2887
-1108
667
8942
-36158
3634
-6000
25
-9953
-14633
-43292
-3384
-13123
-24633
-2741
17705
8293
-11108
-12016
12180
-27148
-5881
9858
-5310
-34407
24978
-5467
6478
12629
-12571
-13323
-5085
6168
-1585
5537
-12508
9187
-1925
-16699
5220
-6704
-3142
-3042
14090
-4419
-8667
-5835
14533
-34633
-6659
1792
-27438
8535
-4828
11762
1425
43153
-1089
-768
-9147
-6844
-5081
22468
30044
-9349
14452
2017
-7463
20408
-23993
-18973
7382
9821
11618
-17533
-10501
-21928
1461
12991
-4062
2384
4508
-17360
23080
9703
5755
-2361
-47518
130
41242
-14675
-11218
1495
-24966
8683
-10017
9378
7606
-29412
-962
-15051
4001
-353
-9862
-13397
-1046
-25781
8128
5181
-8414
-1991
8492
2702
-27236
1083
21268
-4011
-9175
-4491
103
6274
-3269
-2912
28915
13562
-12888
-8388
-2932
-28970
19567
-8211
1156
-8623
-5635
1908
-12191
-13209
-456
8571
-28690
-6356
1043
1473
-23540
546
-7715
-9819
-2661
3003
-16638
-16704
-16792
6617
29117
-7202
6526
-5686
-18909
-9344
43784
-6040
9110
8755
-23583
-23209
-395
-1580
-10119
19536
32527
3804
-2720
-13867
16311
-9510
15201
564
2781
-6897
-4136
15520
13667
8783
-7612
1407
6092
18610
10977
-19862
22190
-24536
-13181
11514
-2584
3166
-11856
5610
-1131
-15081
-5439
-8656
3904
-6408
-27327
-804
3360
5654
3207
12664
-9549
-4963
26923
6800
3753
-655
-3366
-12792
-4808
8803
322
-10344
29532
-8275
-2105
-5993
-20919
-24604
-1028
3657
3809
-19756
-30520
-1417
18719
6710
-5112
-967
-17694
11125
1700
-15143
4465
17607
12981
-6015
9486
2428
-9370
6349
22273
7712
-19429
14900
2563
8543
-3685
-2927
-6201
7509
5239
1654
5700
5157
-17671
8609
-4827
9164
807
-283
4180
5675
-34536
-13287
2996
8153
-4046
8574
6945
1028
6973
553
-12628
8299
15403
7645
16526
2393
-12834
17871
15259
17530
1311
16806
11703
12198
36477
16945
-18232
-1506
-8858
2573
-8488
183
9533
9072
-13748
-17516
-5564
-5824
18858
-31777
2241
1995
3739
-5572
11085
24090
-1651
17796
3398
5114
-8957
125
2396
19975
19972
-4113
-3449
-1242
10376
-6807
4357
15558
5067
13311
-7643
8524
-15263
4271
3109
-8746
21932
-4024
29890
1491
4283
9634
3435
-359
7019
-7080
-538
0
-6210
7844
-5620
-7951
-46158
12193
-6692
15430
20605
-7917
-8748
1019
9624
5395
-5128
1631
-5623
-19101
-28377
28572
1165
9050
3628
-4546
-3646
2034
-775
-4955
-8156
3422
14641
-45875
3889
14568
-6091
-11278
7071
7426
-2380
234
-11876
-5190
-9414
15243
-7214
5757
-3356
4586
-33540
-9225
-1940
-1128
-29101
30311
10722
-4934
-5560
38572
-9605
7696
-2860
-14194
-4729
4748
-11631
-11566
-11451
12558
4590
27796
-7875
2792
9558
-4823
31112
4225
-6265
-28291
-14206
8072
463
1357
1539
27719
-2336
-6291
16962
5623
-14910
-4163
-4176
13855
30115
16104
-10862
1619
-14360
11772
18987
-17507
3427
33062
-159
9258
-5306
-37241
19241
-6477
4157
36201
-13977
6521
25626
9724
-3424
-15564
972
3228
19050
-4321
-26567
12804
-11597
3825
5225
4973
-4225
-14067
-7641
1783
-16261
-13849
-5749
19665
33962
36332
2830
11224
8258
-20524
-4366
18277
-38291
17544
33570
4312
-8664
27544
-15515
-19696
1118
-18996
-11506
-17653
-17677
3229
-27635
-16994
-2936
27325
-339
-8446
17491
15638
6639
772
760
-8101
6131
7944
14041
5987
-28036
-34104
4832
-1658
48572
-11651
801
-41455
-9702
2042
29215
12854
19052
12169
-11131
-22016
257
820
22307
1607
-19225
9090
-14046
-5192
-5884
14678
8503
-16077
-7166
8290
-1025
-3670
-1167
-7272
-18446
30403
5665
6400
-9306
2145
-26532
-3501
-28077
7909
21875
3039
-18411
6661
27851
26596
-15560
-4681
-1828
17783
9448
-26704
-19900
36968
5167
1496
5377
-1145
10635
17578
28277
-10636
-3850
8517
-18408
-11046
-3250
3408
4478
11654
-9407
-21566
-25115
-7589
-11768
5336
-126
-17616
3617
3663
-28996
-9069
-3952
9566
24535
-12781
8751
8542
14013
-6482
-10640
-6694
1976
43570
-1275
1604
4188
-3987
-41
3619
9276
9784
21151
-16980
1169
1368
19474
-1878
37325
-9571
37851
1600
-3329
9116
12483
-14859
8264
-17456
-11424
-7982
1332
16206
-5156
326
-9595
-9056
36517
3157
-6403
571
-3990
15850
2504
17348
27657
12164
2494
7274
3386
6045
4242
-6628
-18695
-4887
29474
2375
-385
47325
14478
-3536
-11224
45582
-9106
6324
-27533
-12187
-39412
18648
17894
3056
17900
2489
-3222
-11433
19200
-21433
-1674
-9155
7488
6151
-19955
9475
21069
-15244
12795
-57806
15204
3438
-17301
8311
-7345
-14693
1876
965
15358
13109
-4682
6367
18602
7971
2506
24719
1967
6925
7828
1970
-8740
-3750
-10878
6185
16661
14958
-4953
19222
6183
2829
-9122
366
14191
-37995
-18075
12490
-447
7256
-41642
-3016
-12189
-3586
2407
11909
-23181
3441
-5704
14255
15336
38615
-4607
-8993
1551
6765
-51642
21224
32335
-25081
9760
-8319
-25143
-14810
3045
1929
8979
-81
-15012
4161
25558
-13269
-21422
6199
-3688
23969
18018
16464
-250
12560
-10226
15373
-9021
28973
-6404
50
16770
17981
28286
-20347
-20243
2760
-3302
-15969
-4969
24581
6027
6993
6819
7962
-20145
5940
6878
18388
6418
51242
1807
14620
-7855
-15635
2165
-13952
1759
-5640
2388
5825
31268
3732
3716
21887
-6387
-15447
-8285
5162
-10126
-892
5806
-16613
8910
17274
4912
-26986
5973
-10310
-9020
34978
368
-5256
8674
-5443
5416
-24660
-3693
1894
20521
-24701
19201
9305
29373
175
8567
3549
8835
-9324
10246
-3087
6414
4416
-2718
-27507
8578
-6167
27590
6656
-4229
-10
-6756
2410
-8188
-9044
-12735
5951
16089
369
-13670
9405
13584
-5989
19634
19090
-1280
2414
-3845
18035
-25072
-37635
10329
-17151
-23988
-6801
3728
11083
-100
11735
27644
-9669
-4297
-9534
-19619
-35165
-20636
9977
-5958
-17529
-27616
2015
-4518
-28399
3693
2533
4115
15069
15254
-45
1463
2239
-12631
24071
-2357
6999
-7919
-11895
-13495
17730
2172
1298
3662
60405
12676
7185
1877
-16196
-10786
-5048
3781
-974
-15256
-36704
25024
16513
3544
-10041
-19767
-11384
-9420
6630
5677
-12916
-11090
12911
-11746
6391
-18643
-19666
-29727
4286
-1246
3914
16805
15377
9097
2862
-5358
-20313
-6120
10410
8939
5898
1205
-17722
-27528
-11500
-7642
-4516
-4188
5591
7524
-5274
24120
15732
-23397
3216
-6043
-7695
-10920
-13897
-14142
20534
-8366
3115
-1728
4098
-2694
-47696
-9608
-25047
-21108
-16772
1214
30637
-10415
7358
24880
-9192
15949
-6117
19116
-3379
21794
29090
-9766
-5283
-13702
10132
7494
6094
18972
4209
8265
-6079
1871
-12296
23063
26577
21992
-3945
-572
-7927
9385
9400
-9640
-5499
18929
-28710
10476
-35081
-811
-1601
2857
-17941
7663
-5952
-8193
-6570
1096
-4305
16168
-3428
-245
-4271
-13921
16544
12800
-19011
-47241
-9300
4196
-328
3652
-7891
-11545
-39727
-10646
-61642
-9491
-7766
8854
-28190
-8226
-57518
1162
-2240
1690
47364
-12402
14714
-3551
29665
-13483
-12005
7983
3792
16208
-7618
39474
29684
8402
-7155
-12467
46
7815
-12812
7099
6628
-9586
9803
-5745
17962
10729
-6237
4093
17998
-8215
-9140
-130
-13685
3061
15536
4757
-16880
17256
-28612
13347
-7559
-8032
-27966
-1480
13873
-8969
17400
-15128
-1722
9944
-8730
9343
-15085
28648
-28411
-17588
15888
-785
16819
2177
3036
-23748
7266
-7135
-8244
-16482
-885
7777
-6737
-2288
-19324
-16472
-4175
17305
-20640
3613
8940
-14232
5076
28035
176
11096
3051
-25739
-829
9927
-17155
18744
11995
-14207
10252
8325
-13259
23667
14940
12128
-6428
12537
13441
15253
13655
-20501
-18664
-13961
-11495
-26374
18333
19880
226
9779
-1700
-33131
2065
-17766
18265
17058
53570
-19801
17235
-39453
-12277
3864
5145
-9291
6438
2545
-14187
33093
-20104
5211
-86
15617
11967
-4387
-19487
-11407
16536
-15664
8647
22436
10930
10820
-5527
11385
11026
18622
-224
-7286
6285
-5481
1415
-2846
-17927
-10277
16099
16710
-26417
24017
-254
-4414
-7686
-16822
24962
-184
9149
31933
3418
-16302
9370
24016
-4212
-22781
-1085
7175
-5322
-6636
7147
-5335
-9328
9021
4490
11169
10000
