-4715332978930
-197216164179
3696788591915
-1068862914501
-2873025601620
-2985024904734
-7923544900739
1649149158896
3004503044406
7202042143722
-4792433948465
-4208901347458
-2991517617958
-3273950643202
-5153591121550
7985225676367
252404226583
5298865579937
-4488899605243
-6896073033041
6354743067990
-957675200540
5488777441739
3678122041396
1308281714636
-1017732797862
-5376778138625
6770276714326
-3757657778390
6829522722495
6609582062032
7478794044895
-5304546704008
8080993196421
6689117799026
2976097424051
2784562383943
3941076926968
-3272327464896
-282433025244
-1869901408512
2980966958969
2663635600146
-564054461335
645213376635
-4702347552482
2187232767335
6807609815364
-8086674320492
2785562383943
4198350688469
-2069552340150
-1389440629936
-3850990530985
1659699817885
1605323344634
-7943834629564
-5117881198818
6901754157112
-5407618526439
-7584300634785
-598141205761
1700279275535
-2299232070449
-4358233751610
6543843340639
4385016193659
5216895075484
1760336872857
-3008560990171
-7561576138501
-4646347900925
-3669194560713
-2344681063017
6900130978806
-9739069836
1019355976168
5917296514523
-1332629389226
-4376088712976
-5946513724031
-4663391273138
2499694591240
3385138357163
-16231783060
2958242462685
328693606965
-268636009643
-4657710149067
5976542522692
1886944780725
-7042970669734
-6267091439466
5728196241874
-2165319860204
6082860701735
-4790810770159
-933327525950
4716956157236
-6748363807195
-440692910079
5224199377861
6014687212883
2873025601620
4823274336279
2200218193783
-6101527252254
-553503802346
-1123239387752
-7452011602846
-5964368685397
-3138415254651
2370651915913
-7682502922298
-7542909587982
-2132856294084
4271393712239
-6178628221789
1612627647011
5282633796877
-1442193924881
5271271548735
6752421752960
7232070942383
-1010428495485
3717889909893
980399696824
-1492512452367
7064883576865
3005503044406
-6196483183155
-7471489742518
-1806597454578
-4475914178795
2194537069712
-5703848567284
-321389304588
1416223071985
6142106709904
2266768504329
4358233751610
-433388607702
-931704347644
-4047395106011
4430465186227
2215638387690
-252404226583
3329138705606
-5801239265644
-3627803513910
-7748241643691
-4690985304340
-4674753521280
-6030918995943
-3188733782137
3701658126833
-1796858384742
-2371463505066
-1180862217615
6058513027145
220752249616
7544532766288
5289126510101
3286124480497
7846443931204
2537839281431
6491090045694
5827210118540
253404226583
-6827899544189
-7683314511451
1778191834223
2543520405502
1851234857993
-452055158221
7509634432709
-7077057414160
-1064804968736
1164630434555
7176071290826
2267580093482
-5329705967751
-7537228463911
1421904196056
-5241242750074
-6109643143784
-2265956915176
-7249114314596
1955118269577
-4208901357458
-2877083547385
6880652839134
-724749113629
3368094984950
329693606965
7988472032979
7016188227685
5032664337753
-7084361716537
-7456881137764
-6896884622194
-493446205024
-5495270154963
-7826965791532
-6109643153784
305157521528
5661645931328
3825831267242
-1735989198267
3585600877954
2050885789631
5731442598486
5209590773107
-5301300347396
-2671751491676
-7561576148501
6589292333207
-7052709739570
-6244366943182
5789877017502
4857361080705
4676376699586
-6101527262254
10550658989
-3920787198143
-3300733085251
5410864883051
-6296308648974
2485085986486
-4462117163194
5740370079169
3125429828203
1735989198267
3303979441863
2186421178182
4788376002700
5294807634172
-4768086273875
6007382910506
-4587101892756
464228995516
6159961671270
-2707461414408
8003892226886
2537027692278
988515588354
-809965974694
7719836023336
-4898752127508
-5067562671332
-2107697030341
-8113456762541
3259342038448
-2432332691541
-1323701908543
-4768086283875
2486085986486
8093167033716
3157893394323
-6576306906759
-5103272594064
5082171276086
7556706603583
-2317898620968
-4179684137950
-4632550885324
-1447063459799
3100270564460
-4746173366744
-5966803452856
2077668231680
-5209590773107
3613194909156
-4888201468519
-4640666776854
-5369473836248
-6826276365883
1542830979853
3792556111969
-425272716172
5492023798351
4654463792455
2361724435230
1636163732448
-4569246931390
-5443328449171
-5664892287940
3272327464896
369273064615
-963356324611
3680556808855
2157203968674
-3214704635033
-4143162626065
4595217784286
-4096090455191
-746662020760
-2524042265830
-745850431607
2724504786621
757212679749
6595785046431
-5929470351818
-2752910406976
-6340134463236
867588804557
-5669761822858
-1710018345371
6823030009271
-2773200135801
3766585259073
-7285635826481
-439881320926
5626747597749
4947447476688
952805665622
5655153218104
-6855493575391
1395933343160
6011440856271
1783872958294
4998577593327
-7404127842819
-7652474123637
-8033921025547
-6816537296047
187477094343
2325202923345
5305358293161
-6607958883726
-4606580032428
7307548733612
-6523553611814
-1853669625452
6637176093234
3976786849700
5573994302804
-2790243508014
198027753332
-7945457807870
7980356141449
-477214421964
-7462562261835
-4186176851174
-6177005043483
-5184431509364
-3740614406177
4613884334805
-4156959641666
-4181307316256
8072877304891
-422026359560
-1654830282967
1500628343897
53564884098
-2030596060806
4354175805845
-7218273926782
4518928403904
-5683558838459
5664080698787
5469299302067
6087730236653
6765407179408
7595662882927
324635661200
1055877488053
-7954385288553
4133423556229
4416668170626
6015498802036
6691552566485
2258652612799
-1406484002149
-7434156641480
-8019312420793
-2482651219027
-5929470361818
880574231005
6228946749275
-585967368466
-7758792302680
-5114634842206
-6502452293836
-7791255868800
34898333579
433388607702
-4291683441064
-1534715088323
-1037210937534
3948381229345
-8044471684536
7076245825007
-1417034661138
-6573060550147
-1180862227615
332751552730
-1154079775566
-2984213315581
4184553672868
-7879719086477
-3243110255388
-5685182016765
-2907923935199
-4650405846690
-6934217723232
6314975199493
-7826965801532
-6939087258150
7602967185304
107129768196
-5426285076958
6299555005586
-7115202104351
-823762990295
-7845632342051
7219897105088
-3422471458201
7262099741044
3172501999077
4148032160983
621677291198
-6687494620720
-5848311436518
-7261288151891
5066751082179
953805665622
-3649716421041
6160961671270
1727061717584
-2221319511761
7267780865115
-7978732963143
4428842007921
6844131327249
-1451121405564
-2950126571155
-2141783774767
-1121616209446
-4272205301392
-6407496362935
6902754157112
-1180050628462
-3520673745714
4974229918737
-3122183471591
-1796858394742
2123117224248
-3227690061481
-4747796545050
-7688995635522
-7917863776668
6343380819848
6484597332470
-1975407998402
-5514748294635
-1855292803758
7018622995144
-4079858672131
2532158157360
3759280956696
-2344681073017
467475352128
-6832769079107
-1180862237615
5689239962530
4333074487867
-2770765368342
1568801832749
-5587791318405
5149533175785
-2397434357962
-4535160186964
2406361838645
-1337498924144
2805663701921
1809843811190
-1803351097966
4458870806582
4500261853385
-1869901418512
4874404452918
3960555066640
-1459237297094
-5697355854060
-6113701089549
-6685059853261
5061881547261
-6192425237390
-1770075942693
7813168775931
-5585356550946
1169499969473
3416790334130
-5712776047967
-5046461353354
2076045053374
-3850178941832
-6732132024135
1106196015539
3103516921072
-5496081744116
-3969482547323
-7117636871810
2308159551132
6475669851787
-1331006210920
6991840553095
1007993728026
-3183864247219
1993262959768
4884955111907
353852870708
4223509952212
2779692849025
319766126282
1983523889932
-4665014451444
-6335264928318
-3693542235303
4877650809530
5789065428349
-6782450551621
-792922602481
-3086473548859
-5836949188376
6533292681650
3588847234566
2160450325286
8076123661503
-2210768852772
-5017244143846
7938153505493
4120438129781
6274395741843
-7434968230633
6284134811679
-3758469367543
1679177957557
-7944646218717
1569801832749
7848067109510
-5371097014554
-2135291061543
-3596963126096
-4473479411336
8017689242487
3312906922546
4815970033902
4337944022785
-4129365610464
6866044234380
895994424912
3662701847489
-7982790908908
2209957263619
-3997888167678
6134802407527
-2252159899575
7591604937162
4263277820709
-1701902453841
3234994363858
3544209831151
5247735463298
2651461762851
-7945457817870
-406606165653
-5674631357776
2259652612799
5138982516796
-4686927358575
5569936357039
-2860040175172
-2222942690067
6387206634110
7284012648175
6881464428287
-4892259414284
-3236617542164
3630238281369
-7116013693504
-7332707997355
1520106483569
-7981167730602
4870346507153
-2330884047416
1730308074196
-5145475230020
-5468487712914
-2261898969411
-4973418329584
5802050854797
-2562998545174
5139982516796
4966925616360
-5054577244884
-4030351733798
1292861520729
5466052945455
6903754157112
-1503874700509
-7845632352051
3278820178120
-7029173654133
-3525543280632
4695854839258
-4187800029480
4871346507153
-5348372518270
-99013876666
-6488655278235
5656153218104
-6599031403043
418780002948
671184229531
-2555694242797
5945702134878
-5754167094770
5276141083653
-7926791257351
6262221904548
7748241643691
-3713020374975
6694798923097
1872336175971
4575739644614
-2671751501676
-5745239614087
-8094790212022
1895060672255
-6593350278972
-2645780638780
1293861520729
-3237429131317
2869779245008
868588804557
1741670322338
7220708694241
913037797125
-4053887819235
-5459560232231
676865353602
-4663391283138
-4908491197344
2359289667771
5559385698050
3639977351205
4423972473003
-5876717056873
7347316602109
1044515239911
189100272649
7292128539705
-2086595712363
7499895362873
-2002190440451
-932515936797
1315586017013
842429540814
2890880562986
3372964519868
3935395802897
-4409363868249
-2446129707142
-7040535902275
-568923996253
-3790121344510
-6032542174249
-1731119663349
-6844131327249
-654952446471
-2826765019899
-3350240023584
-673618996990
-3153023859405
-5340256626740
2592215754682
-1923466292610
5516371472941
5377589727778
3925656733061
-561619693876
-6090165004112
-7381403346535
2558940599409
6992840553095
-1346426404827
-5517994651247
-2080914588292
5422227131193
7603967185304
-4938519996005
3902932236777
1158949310484
-7846443931204
3186299014678
-7576184743255
-5930281940971
4566000574778
-2604389591977
-4647971079231
-5987904770834
-8081804785574
-2881141493150
-4409363878249
-2897373276210
-7255607027820
904921905595
-6813290939435
-7548590712053
5853992560589
-3669194570713
-5619443295372
1069674503654
6573872139300
6984536250718
3765773669920
-1701902463841
-3552325722681
-3308037387628
-3123806649897
7288070593940
1965668928566
-2802417345309
792922602481
483707135188
3863164368280
1045515239911
-3748730297707
-7305113966153
-7810734008472
-7478794044895
2755345174435
3979221617159
-2192913891406
-232926086911
-6026861050178
-2502940947852
3666759793254
7865922070876
4027105377186
4938519996005
4794057126771
-375765777839
6635552914928
-5581298605181
-2079291409986
3046705680362
3796614057734
6271149385231
-1361846598734
-3903743825930
7479794044895
-4163452354890
4084728207049
1804974276272
-1923466302610
-2001378851298
6642857217305
7404127842819
4440204256063
680923299367
-7508011254403
4830578638656
-889501711688
-2733432267304
2264333736870
-5777703180207
-6067440507828
1597207453104
7962501180083
-4230814254589
4644724722619
-2631983623179
5283633796877
3702658126833
-2282188698236
2162073503592
-3813657429947
-7450388424540
-7663836371779
-6017933569495
1294484699035
7263722919350
6127498105150
-2933894788095
1008993728026
-4768086293875
-3351051612737
-1654830292967
2555694242797
7667082728391
-2060624859467
3330138705606
-2146653309685
3683803165467
-1784684547447
-292983684233
409040933112
-79535736994
2791866686320
3284501302191
7495025827955
7676010209074
436634964314
2601954824518
1000689425649
-1778191834223
3422471458201
7099781910444
6824030009271
-6498394348071
-7421171215032
7886211799701
-5474168836985
-4252727161720
-2705838236102
2559940599409
5933528297583
6234627873346
7264722919350
3681556808855
-2183174821570
-4092844098579
4479160535407
-4806230964066
-5510690348870
-7068941522630
-4254350340026
3955685531722
-1071297681960
4733187940296
-5715210815426
-6342569230695
-6321467912717
6307670897116
-4271393712239
689039190897
-6047962368156
856226556415
-4208901367458
-2821895484981
4266524177321
-4701535963329
-7124129585034
3604267428473
-7132245476564
-758835858055
-7620010557517
2275695985012
7171201755908
-3576673397271
6491901634847
437634964314
6047150779003
2342246295558
-6196483193155
-5329705977751
5256662943981
-7800994938636
934139115103
974718572753
-3114879169214
5153591121550
473156476199
-616807756280
-5724138296109
5140982516796
-6434278804984
-4070931191448
4018989485656
-549445856581
3663701847489
4007627237514
456113103986
6275395741843
-2654708119463
6388206634110
-6230569927581
-8101282925246
3343747310360
-2011929510287
13797015601
-5081359686933
-7710908542653
-3330761883912
-5014809376387
-6620132721021
5690863140836
25970852896
5154591121550
716633222099
2262710558564
-2156392379521
6079614345123
4734187940296
-4148032160983
7471489742518
-51130116639
4837071351880
1546077336465
6305236129657
-4708028676553
7189056717274
-3133545719733
4094467276885
4161017587431
6655842643753
1923466292610
-3151400681099
2041958308948
-6298743416433
-30840387814
-819705044530
-5966803462856
331128374424
-306780699834
330693606965
-2059813270314
5470110891220
3282066534732
-3384326768010
-3645658475276
-3080792424788
4600898908357
-4285190727840
3578296575577
-195592985873
-4125307664699
-7608648309375
-437446553467
2351985365394
-541329965051
930892758491
5571559535345
-660633570542
-4634985652783
-1662134585344
-4733187940296
447997212456
4085728207049
588402135925
3260153627601
5956252793867
-7497460595414
5483096317668
-17854961366
3713020374975
-2678244204900
-2529723389901
6203787485532
-6605524116267
-2108508619494
244288335053
3894816345247
-1331817800073
-1766017996928
2897373276210
3577484986424
4937708406852
8026616723170
-5535849612613
-4079858682131
-2879518314844
7000768033778
3145719557028
-1960799393648
7203042143722
2853547461948
-84405271912
-4914983910568
1886133191572
-1002312603955
-1122427798599
6935029312385
-3820961732324
5977542522692
254027404889
-3984902741230
-99013886666
-1186543341686
4008627237514
-875704696087
6819783652659
-6017121980342
1228745977642
6997521677166
-2597896878753
349794924943
-1565555476137
4307103634971
-4374465534670
-4083105028743
-3725194212270
5038345461824
3523920102326
-5530980077695
-5176315617834
1455990940482
-4450754915052
-5460371821384
6679378729190
-6983724661565
-7193926252192
2678244204900
4519928403904
-2817837539216
3006937811865
-1120804620293
-6036600120014
-1141905938271
7415490090961
1810655400343
6248424888947
902487138136
2347927419629
-2560563777715
-7638677108036
-3953250764263
3713831964128
7831835326450
-2555694252797
-4155336463360
1238485047478
-6978855126647
-2044393076407
-4819216390514
4645724722619
-3101893742766
7853748233581
2565433312633
-884632176770
4040090803634
3146719557028
7599720828692
2478593273262
-2035465595724
-319766126282
-48695349180
-1751409392174
7750676411150
-4373653945517
1326948265155
5608081047230
-5973296166080
6458626479574
-7475547688283
6559263534546
-6896073043041
-557561748111
5486342674280
6972362413423
491011437565
-5881586591791
5766340932065
4294118208523
4880897166142
4053076230082
-1821206059332
3878584562187
-3493079714512
-6874160125910
-2251348310422
-6989405785636
1756278927092
-3588847234566
5851557793130
-1990016603156
3558818435905
-4429653597074
2574360793316
-615996167127
-3558006846752
-1903988152938
5257662943981
-2446129717142
5183619920211
841617951661
6713465473616
-4713709800624
-4283567549534
-6040658065779
-7780705209811
-669561051225
3363225450032
-7480417223201
-4212959293223
-100637054972
-6450510588044
6675320783425
6780827373315
5625936008596
4858361080705
-6612016829491
4471856233030
-2562998555174
-7230447764077
5411676472204
901675548983
-5727384652721
-3794179290275
6476669851787
-5753355505617
-5674631367776
-8037167382159
6487843689082
5331329146057
-5617008527913
3472789985687
-5026171624529
-6457003301268
6754044931266
1430020087586
-2907923945199
-1205209892205
-8005515405192
-6543031751486
1521729661875
3239052309623
4967925616360
5121939144583
331693606965
-1654018693814
-4854114724093
1785496136600
687416012591
-2868156066702
6764595590255
4051453051776
-1813901756955
-841617951661
-183419148578
-6756479698725
5108142128982
6872536947604
-3493079724512
-597329616608
6344380819848
2332507225722
-745850441607
7794502225412
-4234060611201
-803473261470
-2643345871321
5263967246358
1977031176708
-6245990121488
5505009224799
4714521389777
1904799742091
1873336175971
-7627314859894
4580609179532
3400558551070
6881652839134
2725504786621
-6732132034135
121738372950
6103150430560
-2996387152876
-289737327621
-7869168427488
2500694591240
-3069430176646
-281621436091
-1119181441987
5522864186165
5765529342912
6381525510039
1056877488053
7508822843556
3333196651371
-1742481911491
-3080792434788
-3881019329646
-6114512678702
1524976018487
2838938857194
-6159961671270
2699345522878
-6335264938318
-5280199029418
-6092599771571
5856427328048
-7624068503282
-1101326480621
-5301300357396
-5925412406053
-1482773382531
-1995697727227
5366227479636
2461549901049
6781827373315
-951182487316
6005759732200
80347326147
-1780626601682
-5184431519364
6662335356977
1262021132915
3528789637244
-1348049583133
-2315463853509
1322078730237
7989472032979
-6081237523429
-7866733660029
-6870913769298
-8112645173388
88463217677
-4911737553956
-5872659111108
-3292617193721
7815603543390
-4409363888249
-6606335705420
7399258307901
2407361838645
2057378502855
4225133130518
7051898150417
-6032542184249
2744794515446
1170311558626
956863611387
4459682395735
-3494702892818
114434070573
-4569246941390
1975407998402
4933650461087
1940509664823
6643668806458
6575495317606
-252404236583
-3645658485276
2633606801485
5363792712177
-1074544038572
4650405846690
-4997766004174
7861052535958
7779893620658
-5876717066873
-6112889500396
1929147416681
-4113945416557
-5609704225536
-3861541189974
5523675775318
-3386761535469
-5330517556904
-3534470761315
7116013693504
-811589153000
-7211781213558
-7267780865115
-2583288273999
-3876961383881
-7671952263309
-4218640417294
1924466292610
5810978335480
-2110131797800
4396378441801
-4218640427294
-2237551294821
6388018223263
-5884021359250
7592604937162
-68985078005
-6542220162333
-7671952273309
-5374343371166
1602076988022
4178872548797
199650931638
3749541886860
-1589091561574
7727140325713
538083608439
7159839507766
2124740402554
4450754915052
-3958931888334
5426285076958
-4531913830352
5665080698787
-2790243518014
-6543843340639
-5997643840670
776690819421
-5879963413485
-6119382213620
-2181551643264
6986159429024
7367606330934
-4268958944780
332693606965
1531468731711
-6026861060178
-7211781223558
4756724025733
-4990461701797
1529033964252
93332752595
3132734130580
-1276629737669
736922950924
5884832948403
-647648144094
3360790682573
-4862230615623
-2949314982002
-3240675487929
-5683558848459
8042848506230
-51130126639
-2457491955284
-4973418339584
796168959093
-6758102877031
-7127375941646
-7191491484733
1016921208709
-7872414784100
-6327149036788
516982290461
-5515559883788
-147709225846
-1929147416681
2230246992444
3321022814076
4589536660215
-336809498495
5274517905347
2347115830476
-3824208088936
7103028267056
-1235238690866
6214338144521
5820717405316
-2998010331182
2108508619494
-3079169246482
-5358111588106
-115245659726
-4174003013879
-7923544910739
-6298743426433
-7757169124374
-4190234796939
-1155702953872
-6268714617772
1200340357287
-4020612663962
2782127616484
6015687212883
-7318099392601
3498760838583
-2927402074871
5275517905347
6111266322090
5141417284255
6282511633373
2874648779926
1809032222037
3446007543638
795357369940
-4429653607074
254404226583
2485897575639
-6047962378156
1251470473926
-422026369560
2786185562249
-2994763974570
-357099227320
-6874160135910
-1088341054173
4451566504205
-495069383330
5846688258212
-7869980016641
7782328388117
-3997888177678
-3688672700385
-1767641175234
-1656453461273
-5489589030892
-4497827085926
-5252604998216
4218640417294
-1043703650758
5988716359987
-5117069609665
6897696211347
-7522619859157
6949637917139
7482851990660
-6040658075779
-3392442659540
1023413921933
-44637403415
-1441382335728
-2006248386216
-117680427185
7375722222464
-5802050854797
-6268714627772
-7072187879242
-4093655687732
6786508497386
1171123147779
3841251461149
-2654708129463
5053765655731
6973362413423
5106518950676
-4779448522017
2947691803696
3261153627601
4872346507153
-7559952960195
4342001968550
5159272245621
-7671952283309
7854748233581
6603900937961
-223998606228
12985426448
3695165413609
2787185562249
-2555694262797
5657153218104
1009993728026
-6004948143047
-5583733372640
3622933978992
-6553582410475
6882276017440
-2791866686320
6985536250718
5295807634172
4451754915052
-2523230676677
-5069185849638
5874282289414
434200196855
-7915429009209
-538083608439
-533214073521
5260720889746
140404923469
903487138136
-1975408008402
6738624737359
1632917375836
-3410297620906
917095742890
-1619931949388
-263766474725
3857483244209
4090409331120
4953940189912
163129419753
-3200907619432
-6572248960994
-7762850248445
-2142595363920
6676320783425
-1660511407038
-4853303134940
6492713224000
-5376778148625
122738372950
1556627995454
4530290652046
7109520980280
-3808787895029
-3041836145444
-17854971366
-1372397257723
1986770246544
-1115123496222
5228257323626
1549323693077
6501640704683
3669194560713
658198803083
1314774427860
3926656733061
-1749786213868
-5635675078432
-516170701308
-5380836084390
-5304546714008
-3820961742324
751531555678
-3815280608253
-3691107467844
6693987333944
-2064682805232
-3225255294022
-7663836381779
41391046803
486141902647
6257352369630
3311283744240
2956619284379
-6143729888210
5268025192123
5299865579937
6204787485532
-3307225798475
-4116380184016
4669883986362
-1357788652969
-5367039068789
4779448522017
4531290652046
-6166454384494
-4501885031691
-5001823949939
292983684233
-7683314521451
8030674668935
-6605524126267
-348171746637
-2696910755419
-5450632751548
-358722405626
7806676062707
-2166131449357
-5267213602970
7235317298995
3372152930715
-5628370776055
4479972124560
1763583229469
158259884835
406606165653
-6396134114793
-4415044992320
727995470241
-6989405795636
2637664747250
-3042647734597
1434078033351
517982290461
5978542522692
99013876666
-6798682334681
-758024268902
-2373086683372
-4230814264589
8005515405192
-2465607846814
1438135979116
7701169472817
-7398446718748
3215516224186
3260342038448
-282433035244
-6695610512250
-2040335130642
-1163007256249
-6614451596950
-2344681083017
6431844037525
4651405846690
-84405281912
2015175866899
492011437565
2811344825992
-1641844856519
7607025131069
7366794741781
3218762580798
6799493923834
-7619198968364
4837882941033
-247534691665
6150222601434
-7388707648912
3679122041396
-2795113042932
6973174002576
-155013528223
5012374608928
-5203098059883
-129854264480
1665380941956
-6335264948318
-6444829463973
-4624434993794
4777013754558
3319399635770
-7868356838335
-6488655288235
3703658126833
3312095333393
1976407998402
4696854839258
7648416177872
-5035099105212
511301166390
1220630086112
-2987459672193
-2952561338614
-2239174473127
-6419670200230
1465730010318
4308726813277
-7996587924509
3944323283580
5814224692092
-5015620965540
7688995635522
-759647447208
2168566216816
-7669517495850
-6051208724768
-875704706087
3136792076345
4558696272401
-4755912436580
-7608648319375
-5310227828079
-5724138306109
5494458565810
-3493079734512
1805974276272
7285012648175
4376088712976
-6274395741843
-6101527272254
54376473251
2623056142496
480460778576
-5538284380072
-4598464140898
503185274860
-1284745629199
2854359051101
7236317298995
4941766352617
7521808270004
-4373653955517
2788185562249
-5387328797614
-7624068513282
3961555066640
-4536783365270
-5001823959939
-951182497316
719067989558
-1949437145506
-5919731281982
4243799681037
-813212331306
-472344887046
2242420829739
-4639855187701
7183375593203
-7314853035989
1522729661875
5664892287940
5643790969962
3586412467107
-1728684895890
-3263399984213
3760280956696
-2708273003561
-2873025611620
-7139549778941
-6386395044957
2218884744302
-6547901286404
-6419670210230
-3800672003499
-6654219465447
-2334130404028
-4255973518332
-2741548158834
-163941008906
6956942219516
-161506241447
6411554308700
4702347552482
-6681001907496
-100637064972
-6465930781951
-3182241068913
1482773382531
1029095046004
845675897426
-1488454506602
416345235489
-6268714637772
5940021010807
603822329832
3401370140223
-4430465186227
-891936479147
-674430586143
-1279876094281
-3720324677352
-254027404889
5576429070263
-6060136205451
3822584910630
3553948900987
3369718163256
-197216174179
-5759036629688
-7053521328723
-3751165065166
-1740858733185
-5920542871135
1239485047478
5430343022723
-6676943961731
5859673684660
-7826154202379
2957619284379
-3246356612000
-7314853045989
-525098181991
-5909180622993
-6871725358451
-6472423495175
-7920298544127
1173557915238
4854926313246
7957631645165
1294861520729
-1253905241385
2780692849025
2507810482770
7180940825744
6371786440203
5364792712177
-1023413921933
5498516511575
5718457172038
-5713587637120
-3016676881701
3924033554755
717633222099
-4301422510900
-88463217677
-6480539386705
4532290652046
-3958120299181
-5117069619665
-2164508271051
-3782005452980
965791092070
-4163452364890
4203220223387
6098280895642
7736067806396
-5566690000427
6286569579138
366026708003
2133667883237
333693606965
-5506632403105
-7233694120689
4844375654257
7571315208337
5311039417232
-2423405210858
6614451596950
1943756021435
-4030351743798
-2959865640991
-5515559893788
-5941644189113
4539218132729
259708528960
-446374034150
-4745361777591
3216516224186
-4497827095926
5928658762665
-6116947446161
627358415269
-6081237533429
-8102094514399
-7757169134374
5871847521955
-2196160248018
-1852046447146
-44637413415
-3861541199974
643590198329
-5866977987037
4199973866775
-3366471806644
3949381229345
2010306331981
3393254248693
-354664459861
7472489742518
4949882244147
1466730010318
591648492537
5989527949140
-3669194580713
4625246582947
-6329583804247
-2581665095693
-4049829873470
-1177615861003
3331138705606
-3681368398008
4221075184753
1774133888458
-8081804795574
-2932271609789
-7279954702410
579474655242
866777215404
-710140508875
5963557096244
-5863731630425
3102705331919
-1522541251028
1057877488053
-2141783784767
2726504786621
3820961732324
-1205209902205
2510245250229
-2688794863889
2171812573428
-13797015601
-7939776683799
5325648021986
-6103962019713
6331206982553
-4997766014174
-6339322874083
-4576551233767
2330072458263
7152535205389
-3392442669540
1020355976168
5173880850375
939820239174
-2541085638043
1825264005097
1882075245807
-6326337447635
-3720324687352
1410541947914
3718889909893
-5966803472856
-2811344825992
-1592337918186
2097146371352
3945134872733
-3212269867574
8064761413361
2658766065228
-5662457520481
1367527722805
1810843811190
-3773077972297
-6166454394494
7797748582024
2908735524352
-2881141503150
2710707771020
-53564884098
3071053354952
4652029024996
5139794105949
2966358354215
783995121798
2243420829739
-6939087268150
547011089122
2579230328234
-6185932524166
775067641115
5447386394936
-422026379560
-4202408634234
4008438826667
-2671751511676
-7745806876232
-1925901060069
-6264656672007
1117558263681
5858050506354
3263399984213
7708473775194
-3980844795465
4725883637919
-2734243856457
3586600877954
3950381229345
119303605491
3826642856395
857849734721
-3422471468201
-4900375305814
4838071351880
4070931191448
-282433045244
5660834342175
-2716388895091
4501261853385
6762972411949
-6488655298235
5129243446960
5054765655731
5944890545725
-6629871790857
-3815280618253
3786874987898
332128374424
7224766640006
7106274623668
2735867034763
-2836504089735
-1688917027393
1501628343897
3629426692216
-5886456126709
5644790969962
-969849037835
-262954885572
5229257323626
-7779082031505
7508011254403
5353242053188
-7060014041947
-3569369094894
1359411831275
7215027570170
5302111936549
6377467564274
2773200135801
6686683031567
5504197635646
2822707074134
-4514058868986
-7629749627353
-7107086212821
-7301056020388
-1542830979853
906545083901
7762038659292
3665948204101
-6728885667523
-358722415626
-7739314163008
4264089409862
-6593350288972
2316275442662
-4199162277622
-2396622768809
-3002068276947
5941021010807
-1243354582396
2573549204163
3618876033227
161506241447
-5182808331058
5609081047230
4257596696638
-7894327691231
-252404246583
3413543977518
6459626479574
-778313997727
-715010043793
-504808453166
-4161017587431
5332329146057
-7372475865852
-4461305574041
5649472094033
-4690985314340
2180740054111
5951383258949
6172135508565
-1817148113567
-4880085576989
-4294118208523
-3774701150603
2158203968674
99825465819
-143651280081
4684492591116
-3513369443337
-499938918248
-7872414794100
-3079169256482
-7764473426751
-6158338492964
7180129236591
-280809846938
22724496284
-7669517505850
-3627803523910
3403804907682
-5485531085127
-519417057920
6054455081380
6119382213620
585967368466
-6907435281183
-1701902473841
-4227567897977
8077123661503
-5173069261222
3885888864564
2636041568944
4562754218166
7392765594677
5499516511575
-3011807346783
-6762160822796
1499816754744
-2076856642527
7068941522630
3533659172162
-2090653658128
-598141215761
-5871847521955
5666080698787
-7949515753635
7449576835387
-4327393363796
2091465247281
915472564584
-754777912290
-277563490326
-1219006907806
-280809856938
-4818404801361
-5237996393462
-2142595373920
-2158827146980
3256907270989
-2850301105336
7376722222464
5517183062094
-6224888803510
-201274109944
2864909710090
4355175805845
-6142106709904
-3736556460412
-4179684147950
5023736857070
7190679895580
4255161929179
-2394999590503
7646792999566
-2983401726428
-4561942629013
-5369473846248
-2465607856814
-7215839159323
2511245250229
-1473845901848
4533290652046
487141902647
-2671751521676
6071498453593
-16231793060
7947892575329
-2299232080449
5055765655731
-4660144916526
-6026049461025
881385820158
314085002211
-5865354808731
1123239387752
888690122535
893559657453
-433388617702
-5510690358870
-7357055671945
7559141371042
-8079370018115
3072053354952
-2860040185172
-6582799619983
-7228824585771
197216164179
-840806362508
-2106073852035
-7739314173008
-6335264958318
-243476745900
-4001134524290
5427285076958
78724147841
7117013693504
-1447063469799
7158216329460
1079413573490
1777380245070
-1803351107966
-279186668632
4543276078494
-5987904780834
-7216650748476
4999577593327
-3895627934400
-7215027570170
-726372291935
3147719557028
-1188166519992
-6465119192798
-72231434617
6560263534546
-3895627944400
-6046339189850
-5695732675754
-5109765307288
6472423495175
1070674503654
1315774427860
5104084183217
-5147098408326
7649416177872
3344747310360
-875704716087
-6090165014112
6525176790120
4590348249368
-389562793440
-4458059217429
-6263845082854
-385504847675
219940660463
2948691803696
2272449628400
-7058390863641
2210768852772
-716633222099
7110520980280
685792834285
221563838769
7959254823471
6162396438729
1024413921933
-5650283683186
5768775699524
7692241992134
4601898908357
7467431796753
6379090742580
2865909710090
-1049384774829
1967292106872
8018500831640
4912549143109
7608025131069
-5207967594801
6139671942445
-1696221329770
-1863408695288
5474168836985
883820587617
-613561399668
2362536024383
-766140160432
-2672563080829
4305480456665
6409931130394
-6605524136267
-4997766024174
181795970272
7019434584297
6687683031567
-3398123783611
4968925616360
4077423904672
2424216800011
1925466292610
7739314163008
3453311846015
-5371097024554
-4023859020574
7961689590930
-4231625843742
2637041568944
990950355813
6337699695777
-4514058878986
7096535553832
8046094862842
5641356202503
-2676621026594
7954385288553
-4486464837784
4881708755295
-230491319452
309215467293
2346304241323
4690173715187
7878907497324
-1357788662969
-6245990131488
5875282289414
3111632812602
5155591121550
-7267780875115
-1372397267723
-3101893752766
-1361846608734
2906300756893
2930648431483
-7228824595771
-4566000574778
5979542522692
5572559535345
5261532478899
-6465119202798
-6211091787909
-6502452303836
7506388076097
2708273003561
-5566690010427
5358923177259
920342099502
1499005165591
-5779326358513
-1721380593513
-1180862247615
-1710018355371
3829889213007
6717523419381
-6822218420118
737922950924
4307915224124
5745239614087
-5876717076873
-1253093652232
2886011028068
6792189621457
-3818526964865
6993840553095
-5880775002638
3418413512436
-1064804978736
6893638265582
8037978971312
-1766018006928
1369962490264
4028105377186
1214948962041
7625691681588
-5090287167616
3221197348257
2693664398807
8096413390328
-1776568655917
73854612923
-5242054339227
-7456881147764
911414618819
4577362822920
2924155718259
5428285076958
725560702782
-4909302786497
1660699817885
6316598377799
6026049461025
-1564743886984
-927646401879
4596840962592
-3631861459675
4662579683985
846675897426
949559309010
2896561687057
3715455142434
-96579109207
1309281714636
-6058513027145
-3544209831151
5104895772370
-6720769775993
-1191412876604
-8019312430793
-2397434367962
3153835448558
-5381647673543
7614329433446
-1506309467968
2182363232417
-325447250353
7596662882927
-5340256636740
6396134114793
843429540814
-4212959303223
931892758491
4179684137950
-1656453471273
5024736857070
-2149899666297
-5409241704745
-939820239174
-4576551243767
7859429357652
-2435579048153
2360101256924
-1577729313432
8006515405192
-2613317072660
8027616723170
-7598909239539
5966803452856
-3894004756094
1978031176708
-3549890955222
4406929100790
6273584152690
-6455380122962
-7858617768499
-5188489455129
-4975853097043
-1369150901111
6633118147469
-1641844866519
2535404513972
-6556017177934
-4703159141635
-5669761832858
3750353476013
5821717405316
-1119181451987
1193036054910
-6728885677523
-2366593970148
-1100514891468
-2106885441188
3722759444811
-3102705331919
5487342674280
-3620499211533
5357299998953
-7536416874758
-8027428312323
-1086717875867
-1718134236901
-4165075533196
1310281714636
-5849123025671
-7412243734349
2709084592714
5635675078432
5009939841469
-4385827782812
7293751718011
6493713224000
6138860353292
-4635797241936
-2355231722006
-6228135160122
-611126632209
2309159551132
6375844385968
5562632054662
1161384077943
-1059123844665
902675548983
1225499621030
3131110952274
7346505012956
2184797999876
5561008876356
-204520466556
4614884334805
5732442598486
-5538284390072
344925390025
7627314859894
5123562322889
6916362761866
-3494702902818
-7279954712410
5694109497448
633851128493
-4187800039480
-5722515117803
832690470978
-5173069271222
-7525054626616
-348171756637
-4514058888986
-5207967604801
3830889213007
-4691796893493
-5296430812478
-2143406953073
7277519934951
-7194737841345
4459870806582
-4151278517595
-3656209134265
-479649189423
-2090653668128
5258662943981
269447598796
141216512622
4258596696638
-1975408018402
-7442272533010
-3099458975307
-5512313527176
1616685592776
6268714617772
-7983602498061
615184577974
-4862230625623
-7771777729128
-5397879456603
1778380245070
-1702714042994
-6212714966215
-2667693545911
2372275094219
-2947691803696
-4930404104475
4817593212208
-1724626950125
6787320086539
-1300977412259
-993385123272
-5771210466983
4735187940296
-4462117173194
3994641811066
4875404452918
-3493079744512
-6871725368451
4889824646825
-1838249431545
-2852735872795
-3834758747925
2572737615010
7198795787110
3428152582272
-5919731291982
-1377266792641
-6646915163070
-168810543824
4343001968550
1500005165591
-4191857975245
-282433055244
6694987333944
221752249616
-4199973866775
-7477170866589
-223187017075
-99825465819
-1891814315643
-5713587647120
-568112407100
2140972185614
2522419087524
-495069393330
-337621087648
2774200135801
991950355813
-5466052945455
-4449943325899
1382136327559
-3943511694427
4472856233030
5619443295372
-6823841598424
7597662882927
215071125545
6166454384494
-4006815648361
1124050976905
-1190601287451
5945890545725
3793556111969
-771009695350
470721708740
2429086334929
-249969459124
-6693987333944
4831578638656
3238240720470
5538284380072
4456436039123
-5865354818731
3294240372027
-6208657020450
2139349007308
3437080062955
-5181996741905
-8033921035547
6300555005586
1567990243596
2560940599409
5230257323626
6215338144521
1578540902585
5847499847365
4338944022785
-7056767685335
3332138705606
1844742144769
2650650173698
-2541085648043
6000078608129
-4844375654257
738922950924
-7908124706832
-139593334316
6264656672007
-4841940886798
-8083427963880
5857427328048
-4053076230082
-1899118618020
2051885789631
-7021057762603
-4839506119339
-7584300644785
-459359460598
-4996142825868
-413098878877
6327149036788
1579540902585
6410931130394
-3576673407271
-2541085658043
-5340256646740
1911292455315
-7921110133280
-5436835735947
-7180129236591
-7372475875852
4563754218166
-3524731691479
-6543843350639
1227122799336
1532468731711
-6922855475090
-1542830989853
-4674753531280
1374832025182
-508054809778
-5304546724008
-5461994999690
-3993018632760
-1010428505485
-218317482157
2838127268041
-2154769201215
-6813290949435
-2523230686677
-758024278902
-1847988501381
2003002029604
6607147294573
-6758102887031
3178183123148
1240485047478
-4628492939559
-1148398651495
3578484986424
-3820961752324
3554948900987
-1763583229469
6846566094708
-425272726172
2020856990970
-1999755672992
3656209134265
2687171685583
-576228298630
628358415269
1387005862477
-282433065244
-7753922767762
4926346158710
-699589849886
-8001457459427
7598662882927
-1451121415564
-1100514901468
-4423160883850
-4191857985245
-1964857339413
3408674442600
3761715724155
5364604301330
5908369033840
-5562632054662
-251592637430
2907300756893
3023169594925
-7356244082792
3471978396534
-254027414889
-1774945477611
291360505927
-1332629399226
-3570180684047
-6555205588781
3298298317792
-3368094984950
-2894126919598
5595095620782
7780705209811
8007515405192
5359923177259
-3380268822245
7844009163745
-616807766280
-3576673417271
4934650461087
-667937872919
-2180740054111
267012831337
4540218132729
7483663579813
6151034190587
-3335631418830
-4816781623055
-6931782955773
-6101527282254
-4700724374176
-2800794167003
577851476936
1769264353540
-4461305584041
1353730707204
-7304302377
-582721011854
4472667822183
3704658126833
5947325313184
367026708003
2409608195257
5326648021986
-7150912027083
1408107180455
6406684773782
4581609179532
-6966681289352
-1826075594250
-7146854081318
-4862230635623
1478715436766
422837948713
5375966549472
-2111754976106
3222197348257
2096334782199
-17854981366
-3553137311834
7939153505493
-3469543629075
-2649838584545
-21912907131
-1629671019224
2898373276210
1155702953872
6634118147469
-224810195381
-3734121692953
-3493079754512
-6335264968318
-5582921783487
7383838113994
-7663836391779
-4553826737483
7205288500334
7781705209811
935139115103
8015254475028
-7126564352493
-2171000984275
6873536947604
1617685592776
861096091333
4763216738957
2512245250229
-4973418349584
6122628570232
-597329626608
6562509891158
-5585356560946
1852046447146
-7240186833913
-3364037039185
-841617961661
672184229531
3481717466370
4069308013142
693908725815
-2689606453042
754777912290
-3200907629432
5667327055399
-2692041220501
7555895014430
-5231503680238
2052885789631
7035666367357
-596518027455
4113945416557
598952794914
3716266731587
5828021707693
-5418980774581
5858427328048
-6314163610340
-7240186843913
-3231748007246
-939820249174
3534659172162
1820394470179
-7706850596888
5194982168353
5056765655731
-1629671029224
-6560075123699
-6082860701735
3283066534732
2486897575639
-951182507316
-581909422701
5116258020512
-5529356899389
14797015601
1699467686382
7850501876969
-1480338615072
750719966525
-7751488000303
-6679378729190
6957942219516
-3993018642760
-850545432344
4062815299918
2618998196731
133100621092
3108386455990
622677291198
4267524177321
-4763216738957
-988515588354
7167955399296
7246679547137
6788320086539
-7288070593940
2619998196731
-6945579971374
-3667571382407
5509067170564
306780699834
-4067684834836
5573559535345
5040780229283
5360923177259
7361113617710
4063815299918
-3782005462980
-2960677230144
-2985024914734
-873269928628
768574927891
-2257029434493
-4291683451064
-887878533382
-4812723677290
-4458870806582
-5381647683543
-1869901428512
5290126510101
115434070573
2483462808180
900052370677
-963356334611
-2824330252440
-706894152263
8042036917077
4354987394998
3143284789569
1335064156685
7030796832439
-4486464847784
6987782607330
-2364970791842
-223998616228
7992529978744
3103705331919
3056444750198
3052386804433
327070428659
3358355915114
2267768504329
6541408573180
5033664337753
-7637865518883
1570801832749
3391631070387
-4517305225598
4009627237514
423837948713
4431465186227
-7516938735086
7012130281920
-4113945426557
2508810482770
2102015906270
7426040749950
-2147464898838
-4502696620844
-2219696333455
6542408573180
-2397434377962
5954629615561
-538083618439
5127620268654
6839261792331
-5450632761548
3110821223449
368026708003
675242175296
-103883411584
-2949314992002
3118125525826
-7686560868063
-7620010567517
4023859020574
1534715088323
-6521930433508
4768897863028
7282389469869
-5849123035671
-2773200145801
4534348597811
6023614693566
2124117224248
3803106770958
7484475168966
564866050488
-6026861070178
-4507566155762
6740247915665
3264211573366
4913549143109
2419347265093
-4555449915789
-1760336872857
35709922732
5533414845154
7615952611752
6211903377062
3545833009457
2602954824518
-6420481789383
-1867466641053
-3969482557323
-191535040108
7150912027083
739922950924
-5006693484857
6135802407527
-6954507452057
-7846443941204
-3236617552164
-3540963474539
-3134357308886
-7159839507766
-5752543916464
1673496833486
-6604712527114
-1319643962778
-4216205649835
-6245990141488
4882708755295
-4613072745652
2369028737607
5354242053188
-5794746552420
-740980896689
-1570425011055
-5209590783107
-6604712537114
6935840901538
2263710558564
8063138235055
-5836949198376
-1154079785566
-995819890731
3630426692216
-5118692787971
-1564743896984
-3351051622737
-839183184202
-1127297333517
7764473426751
752531555678
1966668928566
-4632550895324
7466620207600
-5886456136709
-5537472790919
-1365904544499
-4869534918
-1192224465757
6507321828754
-4827332282044
-2143406963073
328070428659
-6801117102140
-2520795909218
6055455081380
1003124193108
6652596287141
-141216512622
-5946513734031
1609381290399
4268147355627
1894249083102
488141902647
-5676254536082
-6646915173070
-4261654642403
6477293030093
-4079858692131
-7286447415634
-4223509952212
-1325325086849
-7386272881453
1926466292610
4429842007921
-7757169144374
3128676184815
-4307915224124
6486220510776
-5880775012638
4541218132729
3182241068913
5892137250780
4852491545787
-1636163732448
7694676759593
5626936008596
4778636932864
-4340378790244
5458748643078
5581298605181
3496326071124
7599662882927
5131678214419
-4899563716661
-4151278527595
3797425646887
7228012996618
-1219818496959
4099336811803
-5049707709966
173680078742
1896060672255
-4774578987099
-4035221268716
7439026176398
5088663989310
396055506664
4389074139424
6521118844355
4987215345185
3419413512436
-6036600130014
-6599031413043
6173758686871
4407740689943
-2036277184877
-1213325783735
-7909747885138
1127297333517
4087974563661
-3333196651371
6280076865914
-5663269109634
-5737935311710
3761280956696
-7311606679377
4567000574778
-7353809315333
-637909074258
-6521930443508
1313151249554
6165642795341
36709922732
-6056078259686
5045649764201
-7145230903012
-7894327701231
2417724086787
3073053354952
5399502634909
-1698656097229
4747796545050
1316586017013
5942021010807
-2709084592714
3510123086725
-1442193934881
-2644969049627
3953250764263
1501439933050
6676132372578
8089920677104
-3100270564460
-6592538689819
-4286813906146
-6043092833238
-1442193944881
7808299241013
4596029373439
-322200893741
-7314041446836
-6958565397822
3206588743503
5668950233705
5857238917201
2084160944904
5337821859281
-3889946810329
-111187713961
1219006907806
-1641844876519
4663579683985
-6560075133699
-7068941532630
5158460656468
-4420726116391
-7800994948636
6724827721758
4518116814751
-3681368408008
2394999590503
-1192224475757
-2821895494981
-2534592924819
-4252727171720
5932716708430
3322022814076
-4700724384176
5964368685397
-7398446728748
-5198228524965
7619198968364
-4639855197701
-1035587759228
-5028606391988
2523419087524
-5057012012343
4939331585158
7560764549348
3576673397271
3830700802160
6253294423865
5868601165343
-992573534119
-7286447425634
-6571437371841
-4647971089231
6677132372578
-452055168221
-2549201529573
-1332629409226
-3003691455253
3707339250904
-7757169154374
-6093411360724
905921905595
2198595015477
5518183062094
-4690985324340
-913849386278
-7743372108773
-3493079764512
5291126510101
6641234038999
5496081744116
-6297931827280
769386517044
-4908491207344
5965368685397
1599642220563
5338821859281
1610381290399
7313229857683
3587600877954
-829444114366
7238563655607
-5625124419443
-3351051632737
5650283683186
-6430220859219
3747107119401
-7846443951204
5437647325100
4348494681774
-5535038023460
2561940599409
518982290461
6554393999628
3614006498309
2449376063754
-3993018652760
751719966525
-4932027282781
-2660389243534
5896195196545
176926435354
-7981167740602
1968292106872
-2623056142496
4088974563661
-1296107877341
6126686515997
7893516102078
6883276017440
-180172791966
-3129487773968
1897060672255
-4187800049480
2410419784410
-6232193105887
2427463156623
5077301741168
-2756968352741
-4143162636065
7473489742518
1267702256986
3196849673667
-1264455900374
429330661937
-2594650522141
8021747188252
5036722283518
-1940509664823
-5229068912779
6099280895642
-6515437720284
-4099336811803
5794746552420
3306414209322
-4185365262021
-6232193115887
6901130978806
-1248224117314
-2407985016951
204520466556
6372786440203
-7945457827870
6981289894106
-7304312377
1791177260671
4152090106748
-4536783375270
-3213081456727
-4413421814014
6392076169028
-2092276836434
2400680714574
8020124009946
6962623343587
-6837638614025
7408997377737
7626503270741
-249969469124
-5872659121108
-4327393373796
-3032908664761
-7328650051590
7613517844293
354664459861
6263221904548
1395121754007
5560385698050
-7845632362051
2875460369079
37709922732
2987459672193
-262143296419
8081993196421
-4325770185490
-1217383729500
-2059813280314
1630482608377
-2123117224248
4064815299918
-7523431448310
7214215981017
-1975408028402
-1665380941956
5618631706219
-3794990879428
4200785455928
753966323137
4484841659478
3540963474539
-7129810709105
-2631983633179
-1567990243596
4730753172837
5246112284992
-642778609176
-6110454732937
1845742144769
1998132494686
3334008240524
1568990243596
6189990469931
854603378109
7714966488418
7526677804922
-6258163958783
-6757291287878
1385382684171
1368527722805
1684859081628
1610192879552
-5621878062831
-4191857995245
-5263155657205
-4869544918
1977407998402
-5536661201766
6574872139300
6345003998154
94332752595
-2416912497634
-6827899554189
-8015254475028
-1288803574964
-3193603317055
-3736556470412
6903377335418
6703726403780
-1489266095755
-7052709749570
-7806676062707
-4890636235978
-2849489516183
4510812512374
4360668519069
-5801239275644
2988271261346
207766823168
-4190234806939
-5777703190207
-4398813209260
-4733187950296
6129932872609
-4712086622318
1555816406301
5619631706219
1840684199004
1814713346108
5948325313184
5798804498185
-3175748355689
-4116380194016
-568112417100
2343246295558
5593472442476
594083259996
7600720828692
7740937341314
-3330761893912
-6623379077633
329070428659
-5407618536439
-1326136676002
-243476755900
6753421752960
2140349007308
6258352369630
6276395741843
1392686986548
-5580487016028
-7576184753255
4204220223387
3318588046617
7369229509240
-561619703876
-8034732614700
903675548983
-2300043659602
-3922410376449
-7313229857683
2989271261346
2201841372089
-2229435403291
4035221268716
4041090803634
-6720769785993
-3260153627601
-8109398816776
-5777703200207
3518238978255
-3525543290632
-6816537306047
-7496649006261
-1627236251765
4502261853385
7860429357652
3219574169951
3678933630549
1779815012529
5645790969962
-712575276334
673184229531
-3434645295496
4828143871197
-1696221339770
-4454001271664
2716388895091
6425351324301
-3240675497929
-6225700392663
-2019233812664
-4792433958465
7851313466122
-1440570746575
-4657710159067
4397378441801
-7699546294511
776067641115
6520307255202
-3622933978992
-4327393383796
1816336524414
-6099904073948
-5466864534608
-875704726087
-5206344416495
-3885888864564
3119125525826
2338999938946
2665258778452
6265656672007
5918296514523
-6594161868125
7390330827218
-2248101953810
-4001134534290
-93332752595
-3002068286947
3316153279158
-4973418359584
5460371821384
2823707074134
4498638675079
7050274972111
4816781623055
-4096090465191
3217516224186
7377722222464
-3431398938884
-7398446738748
5361923177259
-663068338001
-3920787208143
-5548023449908
4489711194396
182795970272
-2416912507634
-3063749052575
2484462808180
472344887046
7744995287079
7953573699400
-721502757017
-6052831903074
5135736160184
-1270948613598
-597329636608
-681734888520
6889580319817
-5562632064662
-3765773669920
5541530736684
-7088419662302
2004002029604
3424094636507
5034664337753
7283389469869
6690117799026
3361790682573
7539663231370
4052453051776
-1355353885510
-2937141144707
7147665670471
-3678122041396
2268768504329
-1332629419226
-6801117112140
-4652840614149
390374382593
-2710707771020
4492957551008
4583043946991
1054254309747
-3004503044406
-7987660443826
6749986985501
7400258307901
-4158582819972
-2606012770283
-459359470598
5506632403105
4308915224124
-7904878350220
993385123272
-4639855207701
-6680190318343
2611693894354
7281577880716
-6181062989248
7749864821997
708517330569
-4710463444012
-640343841717
-1646714391437
2334130404028
-1215760551194
-1580164080891
-1754655748786
-7656532069402
-1434889622504
-4037656036175
5300865579937
-4768086303875
-4528667473740
-702024617345
7666271139238
6642045628152
-965791092070
4096902044344
7603778774457
6725827721758
-4696666428411
3399746961917
2059001681161
1317586017013
-7896762458690
-2897373286210
-2798359399544
1030095046004
124984729562
-5722515127803
2738301802222
2348927419629
-5473357247832
904487138136
6496771169765
555126980652
6056455081380
7826965791532
-930892758491
-2871402423314
-2143406973073
3605267428473
6902130978806
5620443295372
5952383258949
6391264579875
11550658989
-1635352143295
-524286592838
-281621446091
-4660144926526
508866398931
-5113011663900
-1596395863951
-5263155667205
-412287289724
2968793121674
-3326703938147
-3243110265388
1967668928566
-113622481420
7631372805659
1010993728026
2899373276210
-8052587576066
3074053354952
-4543276078494
-2343869473864
-1572859778514
2123928813401
-4158582829972
-6245990151488
-1537961444935
-5346749339964
-6515437730284
-4471856233030
515359112155
7115202104351
-3086473558859
-4841940896798
-3423283047354
6477669851787
-541329975051
2310159551132
4078423904672
-4212959313223
4071742780601
5829021707693
-3162762929241
5160272245621
-3538528707080
-6953695862904
5427096666111
-4899563726661
2908300756893
6426351324301
1501005165591
-88463227677
-6960188576128
-1925901070069
4878650809530
3273327464896
3811222662488
6188367291625
7525054626616
123738372950
5203909649036
2314652264356
7623256914129
-3361602271726
95332752595
1874770943430
1547700514771
1268702256986
2974474245745
-5517994661247
-6004948153047
-7646792999566
5595907209935
1990828192309
-7696299937899
2975474245745
6711842295310
-117680437185
370273064615
5967803452856
1830945129168
4838882941033
8037167382159
3364225450032
2487085986486
4682057823657
5105084183217
1529845553405
394432328358
2700968701184
-1740858743185
-3413543977518
2660389243534
4764216738957
4520928403904
-164752598059
4009250415820
-7014565049379
6867044234380
-2233493349056
4478348946254
-7270215632574
-3553137321834
-4502696630844
3304979441863
-7638677118036
6478669851787
8111833584235
-5528545310236
1765206407775
434388607702
6904754157112
4364726464834
3954250764263
1456990940482
-6647726752223
-5231503690238
7394388772983
7737067806396
-4596840962592
2710084592714
2524853854983
-2628737266567
-7602967185304
-6452133766350
858849734721
386316436828
-4085539796202
-5616196938760
-7180129246591
2268391682635
3047517269515
-1119181461987
7960254823471
-5451444340701
-426895894478
1895872261408
-7663836401779
23724496284
4703159141635
3420413512436
-5017244153846
419591592101
8084239553033
1477092258460
3891569988635
-6896073053041
-1669438887721
-3330761903912
-5802050864797
7928414435657
5733877365945
-1012863262944
31651976967
-7682502932298
3274327464896
-5987093181681
435823375161
-99825475819
199027753332
-6555205598781
-5090287177616
-2042769898101
589402135925
-7450388434540
-7576184763255
2820272306675
3179183123148
-43014225109
8095601801175
-6085295469194
-7715778077571
-1742481921491
5412676472204
-6418858611077
3919164019837
5493646976657
-706894162263
2415289319328
-7374910633311
-4413421824014
5622689651984
5285880153489
-1899118628020
-7617575790058
3409486031753
-6086107058347
-7949515763635
-4517305235598
-6798682344681
-5326459611139
-5843441901600
-3403804907682
-821328222836
-5803674033103
3751165065166
-6359612602908
3895627934400
-7282389469869
2794301453779
4725072048766
-5033475926906
5217895075484
2781692849025
6574683728453
6590292333207
6303612951351
5304546704008
-1489266105755
-4689362126034
6644668806458
5552081395673
-4647971099231
7616952611752
4919853445486
-7916240598362
-7975486606531
-3007749401018
3279631767273
-2877895136538
7919486954974
-4122061308087
-7949515773635
5092721935075
2775200135801
-7719024434183
2125740402554
-3402993318529
-3327515527300
-6792189621457
-3323457581535
-840806372508
-3414355566671
-7945457837870
-3273139054049
1984523889932
2287058233154
-4691796903493
6890391908970
3946134872733
3946758051039
3751353476013
-4569246951390
-3751165075166
-3760092545849
5376966549472
5548835039061
-7450388444540
-7844820752898
-901675548983
5766529342912
2343057884711
-899240781524
541329965051
7257230206126
-4997766034174
2949314982002
-4869534918000
20289728825
-8077746839809
-3760092555849
-2671751531676
-2746417693752
-2534592934819
-3760092565849
-2224565868373
6254294423865
6730508845829
-899240791524
-1636163742448
1770264353540
-5801239285644
-4772955808793
8000645870274
-4309538402430
-3576673427271
4042090803634
-4436957899451
5257474533134
2134667883237
-2086595722363
-2696910765419
-4126930843005
5005881895704
-1286368807505
4493769140161
-2035465605724
7456069548611
-1562309119525
-5436835745947
4236495378660
-5440893681712
-2550013118726
-2468854203426
3320399635770
-3586412467107
-7034043189051
-4735622707755
3679933630549
-3760092575849
-5404372169827
1454367762176
-6036600140014
6926913420855
-3918352430684
1431020087586
1156514543025
2562940599409
-883820587617
-623300469504
-7423605982491
-5554516163132
-4123684486393
2005002029604
38709922732
-7587546991397
3614194909156
1636975321601
-6056889848839
333128374424
-3240675507929
-7282389479869
5991151127446
7970617071613
1314151249554
-6113701099549
-406606175653
-1564743906984
1185731752533
2428463156623
-3296675139486
1934828540752
3658643901724
-5973296176080
2501694591240
7874849551559
4670695575515
-1916161990233
-6101527292254
105506589890
1011993728026
-3794179300275
-988515598354
1213325783735
-4030351753798
7047028615499
-13797025601
7611083076834
6172947097718
-7638677128036
-780748765186
-4099336821803
3247168201153
-286490971009
-8003892226886
-2756968362741
-848922254038
-4691796913493
6596596635584
4204843401693
-6828711133342
-1615874003623
6892015087276
2192913891406
-5872659131108
878951052699
1031095046004
-3255284092683
-7446330478775
-3644846886123
83593682759
5091910345922
-2653084941157
-2363347613536
7237317298995
2891880562986
-2343869483864
-6807609815364
-2379579396596
-7279954722410
7765473426751
-6663958535283
938197060868
-6998333266319
-4573304877155
1548512103924
-1778191844223
-2604389601977
-370084653768
6956130630363
-7052709759570
-5158460656468
846487486579
1195470822369
-2873025621620
443127677538
-6261410315395
-7968993893307
-2159638736133
2437202226459
-5387328807614
-5440893691712
-5512313537176
5370285425401
7401258307901
-5845065079906
5296430812478
-4614695923958
-7230447774077
-7583489045632
3075053354952
-4901998484120
7393577183830
7105463034515
-2907923955199
-2604389611977
-320577715435
-1282310861740
-96579119207
7740314163008
2053885789631
3087285138012
-2207522496160
-3138415264651
5122939144583
-7718212845030
4222075184753
457736282292
2257029434493
-5597530388241
-3356732736808
4480972124560
2977097424051
7128187530799
-6177816632636
1141905938271
4944201120076
6988782607330
793922602481
-8003892236886
1779380245070
-3681368418008
-2581665105693
1229745977642
-2097146371352
2569491258398
-1506309477968
4553015148330
-917907332043
-4123684496393
-4414233403167
-7025115708368
3168444053312
-5200663292424
-5946513744031
-652517679012
2726939554080
4588725071062
2602766413671
2163073503592
-7749864821997
-4027916966339
5620631706219
5518806240400
3045894091209
-531590895215
-2731809088998
-2265956925176
-3902120647624
7144419313859
261331707266
-279186678632
7738067806396
-6715900241075
-1708395167065
-4863853793929
-745850451607
-3736556480412
-834313649284
2967981532521
3091343083777
-7917863786668
-422026389560
-1150021829801
7077245825007
5445763216630
-4148843750136
-784806710951
-6244366953182
914037797125
1379701560100
-4174003023879
3623745568145
6174758686871
2420347265093
-4881708755295
7698734705358
1970538463484
-7604590363610
5152779532397
1846742144769
6258975547936
-7652474133637
3977786849700
2080102999139
6933406134079
-2990706028805
-2375521450831
-5032664337753
6094222949877
4251915572567
1342368459062
4626058172100
4185365262021
-6225700402663
6986971018177
-3917540841531
7437402998092
654952446471
-229679730299
3392442659540
4605768443275
-3681368428008
-2667693555911
2431521102388
6616886364409
-3283689713038
6958565397822
5636486667585
834313649284
5659211163869
448808801609
-2132856304084
6735378380747
4386016193659
6204599074685
5297430812478
1942132843129
-2300043669602
6389018223263
4269147355627
6112266322090
1063993379583
5524675775318
1383136327559
1784872958294
5259662943981
5637486667585
-6681001917496
-1222253264418
-7189056717274
2088218890669
-6888768730664
148520814999
7736879395549
7362736796016
-3041836155444
-6099904083948
-4515682047292
-4726695227072
7190056717274
-1442193954881
1818771291873
1619120360235
3034531843067
-4522174760516
881574231005
3321399635770
-1339933691603
6328149036788
2757779941894
4150466928442
-7269404043421
101448644125
1944567610588
8096601801175
8094167033716
-3338066186289
-2799170988697
-1007993728026
306157521528
-5524487364471
3536093939621
4511812512374
4112322238251
2688171685583
-6202975896379
6917985940172
-4271393722239
3466297272463
2523230676677
-7098158732138
1569990243596
-3265834751672
8028616723170
1210079427123
3476036342299
7818849900002
2787808740555
-291360505927
5696544264907
-5746051203240
-436634964314
0
-5039968640130
6366105316132
-4561131039860
-6452945355503
-4997766044174
1780815012529
-5431154611876
4407929100790
493011437565
-6425351324301
-7099781910444
827009346907
7810734008472
4378523480435
-4161829176584
1323701908543
-4563565807319
-7386272891453
-6798682354681
6958942219516
945501363245
7344881834650
2944445447084
-3689484289538
-2959054051838
1650772337202
-628981593575
-4021424253115
-6619321131868
2777258081566
3767585259073
-4768086313875
3156270216017
3708339250904
-4943389530923
-1037210947534
5738746900863
6026861050178
-1931582184140
189911861802
-1522541261028
-4212147704070
-7640300286342
4256161929179
-5854804149742
4672318753821
-2723693197468
3721947855658
-2873025631620
-7486909936425
-1574482956820
-915472564584
-7386272901453
255404226583
586967368466
-4004380880902
-4512435690680
6959942219516
-7795313814565
6245990121488
-2321144977580
-3403804917682
-3838005104537
3853425298444
-1323701918543
-1270948623598
-1177615871003
2077045053374
3725194212270
6329149036788
-6391264579875
2265956915176
7757169124374
-3914294484919
905487138136
3428964171425
-5084606043545
-6728885687523
-3413543987518
6551147643016
375765777839
1101326480621
1249035706467
6266656672007
-1895872261408
-5105707361523
5651283683186
4563565807319
-3984902751230
-3378645643939
-3389196302928
3129676184815
96332752595
4954940189912
-699589859886
1313962838707
-3538528717080
1439135979116
7294751718011
-6092599781571
2781316027331
2488085986486
-129042675327
7513692378474
-4306292045818
-5876717086873
7500895362873
-5256662943981
3373776109021
5035664337753
-3227690071481
5292372866713
4568000574778
7891892923772
-2778881259872
-4515682057292
788864656716
2619809785884
7345881834650
-3506876730113
-5329705987751
2276695985012
-1296107887341
3104328510225
4240553324425
4036032857869
-3428964171425
-3300733095251
-6201352718073
1447063459799
-5081359696933
-3123806659897
-4665826040597
7845009163745
3218516224186
5141982516796
2296797302990
994385123272
6702103225474
-425272736172
-3543398241998
6718523419381
-6728885697523
6123628570232
2900373276210
3499572427736
-7031608421592
6124628570232
-4475914188795
-7869168437488
907356673054
-7301056030388
-1222253274418
-6211091797909
-6230569937581
2620621375037
-6196483203155
-5676254546082
-2382825753208
5946890545725
-275128722867
-6854681986238
6080614345123
4576739644614
5388140386767
626546826116
616807756280
-6574683728453
4975853097043
6447264231432
3280631767273
4858984259011
-6521930453508
-3330761913912
3921598787296
-1345614815674
6960942219516
-1339933701603
650082911553
-1180862257615
-7874037962406
1657265050426
7480794044895
2317275442662
7347505012956
1761336872857
-917907342043
-1636163752448
208578412321
665503105460
1874336175971
1304223768871
-7486909946425
7377345400770
-3283689723038
-4213770882376
-4775390576252
3797614057734
6900942567959
-4932027292781
-5815847870398
6728074078370
-831878881825
-2978532191510
-947124541551
-5901876320616
-6854681996238
330070428659
4597652551745
5194170579200
-7552648657818
1740858733185
-5301300367396
-2841373624653
-6555205608781
6418858611077
1523729661875
2466419435967
-6826276375883
5405995348133
6373786440203
5355242053188
-4512435700680
-3799048825193
-1483584971684
6317598377799
7667894317544
-5440893701712
-8034732624700
5658153218104
4193481153551
1214137372888
4363914875681
-929269580185
516359112155
6151222601434
6719523419381
-516170711308
-3124618239050
6912304816101
-6823841608424
-848922264038
-2637664747250
2765895833424
3634296227134
1343368459062
-7634619162271
-1270948633598
-4151278537595
-6159150082117
-1434889632504
4330639720408
-102260233278
-6181062999248
2935517966401
2972851067439
-7301056040388
-7360302028557
-3207400332656
7763661837598
3682556808855
-2257029444493
7102216677903
6932594544926
3257907270989
-5260720889746
-519417067920
-5432777790182
1603700166328
2901373276210
-1034776170075
1301789001412
3398935372764
-3235805953011
-33275155273
2937141144707
7528300983228
7940588272952
936139115103
-5664892297940
948747719857
1110253961304
7689995635522
-1524164429334
5947890545725
-7767719783363
6374786440203
1298542644800
-2701780290337
7398446718748
2016175866899
-3943511704427
6706972760392
-6051208734768
-1155702963872
-6478104619246
1081036751796
5037722283518
-4184553672868
264578063878
-7787197923035
-7349751369568
5292126510101
2562186956021
-5196605346659
463417406363
-3238240720470
4748796545050
2032219239112
5964557096244
6216338144521
1757278927092
2024103347582
5903499498922
2748040872058
4906056429885
3442761187026
-5379212906084
-7056767695335
-3966236190711
7690995635522
1927524238375
-312461823905
5948890545725
3635296227134
-2869779245008
-993385133272
4534290652046
-7390330827218
5132489803572
-6113701109549
-1774945487611
-7638677138036
7019622995144
6407684773782
2480216451568
6412554308700
2020045401817
-2614940250966
-1163007266249
7467620207600
-1163007276249
-1358600242122
-7430098695715
6077179577664
4992084880103
-8079370028115
7689807224675
869588804557
-4255973528332
2269391682635
-6335264978318
4224509952212
2790243508014
-5925412416053
6745117450583
-5961122328785
-3808787905029
1522541251028
783183532645
4349494681774
2524230676677
-3799860414346
5167388137151
6982289894106
6469177138563
2033842417418
3831889213007
1596395863951
5620254884525
6353119889684
1598830631410
-7093289197220
-3043459323750
-712575286334
5019678911305
5406995348133
4024859020574
-4019801074809
7485475168966
5018055732999
2295985713837
-7403316253666
297041629998
3402370140223
-6488655308235
-6553582420475
2021856990970
-362780351391
5888890894168
-1332629429226
-2447752885448
-1776568665917
-2910358702658
1953495091271
1550323693077
-2581665115693
2792678275473
-4629304528712
3454311846015
4331639720408
6994840553095
-3738991227871
-7298621252929
1258774776303
5490400620045
-1332629439226
995385123272
1898060672255
-4123684506393
7921110133280
-6751610163807
-4174003033879
-3903743835930
2471288970885
1565555476137
7287259004787
-65738721393
-4067684844836
3377022465633
4512812512374
-2653084951157
-1154079795566
5031041159447
-2993140796264
3223197348257
6508321828754
5247112284992
-202897288250
2078668231680
-183419158578
4361668519069
-7321345749213
7284389469869
-5197416935812
40579457650
5495458565810
6478293030093
6726827721758
-281621456091
-197216184179
2239986062280
-2679867383206
-4844375664257
-4032786501257
3719889909893
4891447825131
5675442946929
5534226434307
6461872836186
-117680447185
4820839568820
5582110194334
6808609815364
5208779183954
1012993728026
1466541599471
3750541886860
-6375032796815
-4573304887155
1757090516245
-3207400342656
1427585320127
-4577362822920
1938074897364
4727506816225
1032095046004
3028850718996
3015865292548
1533468731711
-5183619920211
-4420726126391
-6724016132605
4189423207786
-102260243278
-723937524476
4712086622318
-5367039078789
7231259353230
5904499498922
3986525919536
-5669761842858
4847622010869
-251592647430
-7320534160060
4043090803634
298664808304
-4265712588168
7039724313122
-4417479759779
4395566852648
-3782005472980
-2997198742029
1537149855782
424837948713
-3815280628253
7468431796753
7551837068665
7609025131069
142028101775
6952884273751
2880329903997
7170390166755
-7567257262572
200650931638
-2505375715311
5205532827342
3583977699648
-2205899317854
-6092599791571
6961811754434
-5005070306551
6161961671270
5401937402368
-3432210528037
-8115891530
-5483096317668
1955929858730
-6645291984764
-7340012299732
-2219696343455
4829767049503
4942766352617
299476397457
-2978532201510
7632995983965
2909735524352
-4860607437317
7819849900002
7378345400770
-1038834115840
1959176215342
-3120560293285
6522118844355
-4116380204016
-6196483213155
268012831337
-5803674043103
-3236617562164
-5519617829553
3025604362384
879951052699
-81158915300
1409107180455
6205787485532
-7847255520357
-3487398590441
-7737690984702
-7806676072707
-4191858005245
-516170721308
8097224979481
-4835448173574
-6110454742937
-6181063009248
1635352143295
-3666759793254
-6816537316047
2997198742029
2055755324549
3339689364595
4114945416557
4265089409862
-36521511885
1187354930839
1817148113567
-2135291071543
3305979441863
-1912915633621
5680312481847
-6426974502607
-1537961454935
-2836504099735
6274584152690
1762771640316
1053442720594
2972039478286
334693606965
2172812573428
5831268064305
1523352840181
-5028606401988
-637909084258
-4096902044344
3068618587493
-790487835022
-4265712598168
-5440893711712
4079423904672
5286880153489
2876271958232
-33275165273
-7926791267351
-1123239397752
-7645169821260
5380836084390
4607391621581
-2366593980148
-884632186770
2363536024383
-1417034671138
5186866276823
-7014565059379
-7844820762898
-7894327711231
3478471109758
-1011240084638
3176559944842
5523864186165
4364914875681
7383026524841
2322768155886
-4348494681774
-254027424889
-4966925616360
333751552730
7254795438667
4786752824394
977964929365
-6267091449466
-6109643163784
-1217383739500
-6202164307226
-3665136614948
-3398935372764
4537594954423
6106396787172
-4280321192922
3345747310360
4653029024996
-2756968372741
2610070716048
-4904433251579
-6245178532335
-746662030760
-3162762939241
-3361602281726
435388607702
-6789754853998
2528100211595
-1402426056384
3325892348994
-2186421178182
-6245990161488
-7797748582024
-4096090475191
-899240801524
-5496081754116
985269231742
519982290461
-336809508495
5971672987774
3962555066640
-7460127494376
4829143871197
-4964490848901
7399446718748
-2742359747987
1457990940482
7379345400770
-7925979668198
-4287625495299
-3004503054406
108129768196
6082049112582
4945824298382
7282577880716
3415978744977
6707784349545
-4933650461087
1518483305263
-1863408705288
2487897575639
5339821859281
1618685592776
-3201719208585
-464228995516
-6433467215831
7616764200905
7628938038200
-7823719434920
-4462928752347
7247679547137
-7068941542630
387316436828
-4123684516393
-658198803083
-1299354233953
2318710210121
-6444829473973
6219207679439
-4830578638656
-6649349930529
-5332140735210
889501711688
-3493891303665
5006881895704
-2782127616484
-198839342485
-3466297272463
-3182241078913
5312039417232
2273449628400
-7313229867683
-5876717096873
-7547779122900
3405428085988
-266201242184
2963923586756
-6404250006323
-1253905251385
-7894327721231
-524286602838
-1332629449226
-7702792651123
-6302801362198
7185810360662
-6646915183070
-6676132372578
-6101527302254
943066595786
-1817959702720
1371585668570
5980542522692
-1949437155506
3826831267242
-2881953082303
7846009163745
-2826765029899
-1627236261765
6478916208399
3077546068176
5039345461824
-6182686167554
7691995635522
7861429357652
6818972063506
-5806920389715
-2002190450451
37333101038
6342569230695
-2282188708236
5761471397147
5379212906084
-7779893620658
7956008466859
-4662579683985
6462872836186
592648492537
-5061881547261
3321834403229
6492090045694
-6667204891895
-7417924858420
-105506589890
-2990706038805
2484274397333
4493957551008
3860729600821
-5583733382640
5889890894168
-6989405805636
2717388895091
-6134802407527
-6518684076896
-6465119212798
-1201151946440
3144284789569
-7279143113257
6006759732200
-4161829186584
-1397556521466
8070442537432
-7085173305690
7582677456479
-4126930853005
7020622995144
-6826276385883
-6158338502964
4779636932864
-637097485105
5535226434307
1766829586081
2463984668508
-3041836165444
5897006785698
-5790688606655
-6690740977332
-5260720899746
-718256400405
6311728842881
-5467676123761
-1856915982064
-7567257272572
-5252605008216
-3388384713775
5929658762665
-519417077920
2932271609789
7255607027820
-3434645305496
4119626540628
6523118844355
142839690928
890501711688
2476158505803
-4657710169067
-672807407837
8056645521831
-5806920399715
7097535553832
1620120360235
-3414355576671
205520466556
6756479698725
-2644969059627
2978097424051
4010250415820
1728061717584
-5216895075484
2060001681161
2793678275473
4264277820709
2967358354215
-406606185653
-7031608431592
-3214704645033
-1213325793735
-5173069281222
6763972411949
8019500831640
183419148578
7936530327187
-1379701560100
-2541085668043
1675931600945
-6302801372198
6708784349545
5729196241874
2902373276210
-7954385298553
5872847521955
-7671952293309
-1847988511381
3135980487192
4175626192185
-7540474820523
5225010967014
2065494394385
-3398123793611
2513245250229
-84405291912
4229191076283
-69796667158
4559696272401
1597395863951
-3560441614211
-7699546304511
-1141905948271
5305546704008
-4596840972592
7017811405991
1979031176708
755777912290
666503105460
-4485653248631
1125050976905
833690470978
6998521677166
-181795970272
-5913238568758
5100837826605
-4448320147593
1148398651495
-2309782729438
-6433467225831
-224810205381
4950882244147
5446763216630
-5207967614801
3262153627601
-206143644862
-3582354521342
-6237874229958
-5536661211766
4029105377186
-149332404152
7425229160797
1571801832749
2774011724954
-5114634852206
7604590363610
3261342038448
-3418413512436
-2257029454493
-880574231005
5823152172775
-4319277472266
-5385705619308
5800427676491
-4329828131255
-7570503619184
7321345749213
3644035296970
949747719857
