62 48 21 74 3946 6404
50 92 99 56 3890 5896
61 35 23 77 3618 3990
26 69 49 35 508 968
47 35 19 54 1314 2453
18 53 94 53 1532 1378
89 68 11 51 3176 4386
21 87 90 13 1317 778
38 94 40 19 3086 5795
29 98 92 15 7971 8295
68 60 11 69 3070 4962
87 34 34 47 3336 1506
17 61 91 78 7436 8788
73 12 32 58 5695 1780
70 20 86 93 5636 2363
90 37 26 98 3144 3388
82 25 14 15 1684 1490
35 84 83 45 5260 8769
13 78 74 61 1962 7942
75 20 11 55 4144 2615
18 73 56 23 5408 4583
58 63 93 18 5128 5238
51 57 87 19 4254 1938
19 52 85 55 1883 2489
64 13 13 59 1149 2995
23 60 86 60 3860 3660
98 45 20 30 5890 4245
27 62 94 63 9374 6546
49 15 17 38 5038 1903
65 36 20 48 1550 1080
96 48 34 55 4028 2546
44 26 49 89 3683 3077
88 21 42 97 7254 1992
78 19 34 41 4778 3585
28 66 76 55 9356 10384
45 21 48 83 6828 8398
62 51 11 70 5407 6581
99 35 43 79 2211 2887
36 19 37 88 5509 7906
46 79 80 21 8446 7638
43 96 60 21 5225 9519
12 54 65 61 4044 7086
92 39 25 44 5781 4889
24 40 50 22 3246 3018
72 31 43 84 3886 2328
69 37 38 89 6982 7381
52 72 68 28 6104 3424
19 12 20 58 1189 2974
76 13 44 97 1812 3531
41 22 38 76 5043 4986
41 19 21 73 4361 6513
25 97 37 31 2121 4515
78 15 94 87 7660 6918
82 25 12 52 8056 3858
78 48 27 80 4581 6432
66 87 87 32 6324 3706
15 48 52 20 1621 3284
48 90 66 11 2250 3655
84 31 48 98 6756 10281
23 41 67 20 4963 2881
71 34 30 81 2598 4176
80 23 53 72 5276 2198
54 74 25 11 4031 4989
33 80 67 45 6928 9280
17 14 11 85 1338 2241
34 56 82 26 9362 4732
55 87 81 42 7654 7887
34 73 43 20 1346 2456
17 99 76 51 7738 7470
86 17 55 51 3871 3213
18 30 97 50 1859 1870
88 38 18 57 9788 8854
82 57 40 92 3748 4146
78 13 58 52 12570 6032
95 47 28 97 1169 2075
44 62 98 22 12870 6642
36 69 84 14 7416 6276
79 19 35 82 4501 8220
79 12 69 90 12481 8814
93 59 30 94 8118 7774
47 93 91 29 10288 8272
60 20 48 66 3588 4496
42 38 87 12 7665 3666
85 42 53 97 4910 7737
96 52 35 65 4301 5967
94 78 16 74 3226 5288
11 52 78 26 1476 2522
65 14 50 48 9195 5294
80 29 34 42 5076 2849
82 38 18 34 4504 2780
32 33 75 18 7155 2097
38 99 77 49 7550 9967
13 61 28 11 3003 4701
50 13 65 92 8430 8350
61 40 32 93 5820 10874
93 16 31 43 6851 4305
65 28 15 42 4895 4312
84 52 29 82 3746 3728
22 68 80 70 6040 6260
48 44 14 58 5134 7642
99 87 86 12 8829 2037
95 13 30 84 4540 3098
13 95 95 77 9667 13241
27 12 23 41 1893 1857
19 25 50 17 2982 2460
40 79 61 28 6621 5586
37 95 56 39 6635 10644
28 44 72 15 3648 1905
64 14 42 96 7374 8124
25 87 79 36 1809 1278
64 87 70 18 9860 9237
93 56 14 92 9180 7032
92 70 13 85 6266 6420
13 91 94 38 9417 5779
34 80 99 66 3554 3688
19 40 79 33 8099 5852
96 33 31 49 4001 5018
65 46 20 87 3770 9297
93 59 23 84 3917 5886
22 54 86 16 4048 5644
62 23 23 37 6447 3388
77 36 24 79 4298 6754
67 74 95 30 10602 7364
18 42 98 65 4582 4963
11 53 74 31 2157 4533
88 30 42 72 7834 6420
78 39 34 62 8208 8154
73 51 19 94 6062 10451
21 84 44 21 4675 9555
58 75 81 31 5008 5296
20 75 93 70 9687 8730
24 94 44 30 1912 2934
24 92 89 50 4351 9982
35 88 85 28 4775 6620
36 78 75 27 4236 4842
21 59 94 17 10632 6891
33 13 43 98 3645 5570
24 92 25 19 3891 9153
61 87 94 38 9321 9067