(0, 79) -> 3
(0, 98) -> 3
(1, 54) -> 0
(1, 65) -> 0
(1, 75) -> 0
(1, 74) -> 0
(2, 79) -> 3
(2, 60) -> 3
(2, 97) -> 3
(3, 74) -> 1
(0, 79) -> 1
(0, 98) -> 1
(2, 79) -> 1
(2, 60) -> 1
(2, 97) -> 1
(1, 54) -> 3
(1, 65) -> 3
(1, 75) -> 3
(1, 74) -> 3
(3, 74) -> 0
(0, 79) -> 0
(0, 98) -> 0
(2, 79) -> 0
(2, 60) -> 0
(2, 97) -> 0
(1, 54) -> 1
(1, 65) -> 1
(1, 75) -> 1
(1, 74) -> 1
(3, 74) -> 3
(0, 79) -> 3
(0, 98) -> 3
(2, 79) -> 3
(2, 60) -> 3
(2, 97) -> 3
(1, 54) -> 0
(1, 65) -> 0
(1, 75) -> 0
(1, 74) -> 0
(3, 74) -> 1
(0, 79) -> 1
(0, 98) -> 1
(2, 79) -> 1
(2, 60) -> 1
(2, 97) -> 1
(1, 54) -> 3
(1, 65) -> 3
(1, 75) -> 3
(1, 74) -> 3
(3, 74) -> 0
(0, 79) -> 0
(0, 98) -> 0
(2, 79) -> 0
(2, 60) -> 0
(2, 97) -> 0
(1, 54) -> 1
(1, 65) -> 1
(1, 75) -> 1
(1, 74) -> 1
(3, 74) -> 3
(0, 79) -> 3
(0, 98) -> 2
(2, 79) -> 3
(2, 60) -> 3
(2, 97) -> 3
(1, 54) -> 0
(1, 65) -> 0
(1, 75) -> 0
(1, 74) -> 0
(0, 98) -> 3
(3, 74) -> 1
(0, 79) -> 1
(2, 79) -> 1
(2, 60) -> 1
(2, 97) -> 1
(0, 98) -> 1
(1, 54) -> 3
(1, 65) -> 3
(1, 75) -> 3
(1, 74) -> 3
(3, 74) -> 0
(0, 79) -> 0
(2, 79) -> 0
(2, 60) -> 0
(2, 97) -> 0
(0, 98) -> 0
(1, 54) -> 1
(1, 65) -> 1
(1, 75) -> 1
(1, 74) -> 0
(3, 74) -> 3
(0, 79) -> 3
(2, 79) -> 3
(2, 60) -> 3
(2, 97) -> 3
(0, 98) -> 3
(1, 74) -> 3
(1, 54) -> 0
(1, 65) -> 0
(1, 75) -> 0
(3, 74) -> 1
(0, 79) -> 1
(2, 79) -> 1
(2, 60) -> 1
(2, 97) -> 1
(0, 98) -> 1
(1, 74) -> 1
(1, 54) -> 3
(1, 65) -> 3
(1, 75) -> 3
(3, 74) -> 0
(0, 79) -> 0
(2, 79) -> 0
(2, 60) -> 0
(2, 97) -> 0
(0, 98) -> 0
(1, 74) -> 0
(1, 54) -> 1
(1, 65) -> 1
(1, 75) -> 1
(3, 74) -> 3
(0, 79) -> 3
(2, 79) -> 3
(2, 60) -> 3
(2, 97) -> 3
(0, 98) -> 3
(1, 74) -> 3
(1, 54) -> 0
(1, 65) -> 0
(1, 75) -> 0
(3, 74) -> 1
(0, 79) -> 1
(2, 79) -> 1
(2, 60) -> 1
(2, 97) -> 1
(0, 98) -> 1
(1, 74) -> 1
(1, 54) -> 3
(1, 65) -> 3
(1, 75) -> 3
(3, 74) -> 0
(0, 79) -> 0
(2, 79) -> 0
(2, 60) -> 0
(2, 97) -> 0
(0, 98) -> 0
(1, 74) -> 0
(1, 54) -> 0
(1, 65) -> 1
(1, 75) -> 1
(3, 74) -> 3
(0, 79) -> 2
(2, 79) -> 3
(2, 60) -> 3
(2, 97) -> 3
(0, 98) -> 3
(1, 74) -> 3
(1, 54) -> 3
(1, 65) -> 0
(1, 75) -> 0
(0, 79) -> 3
(3, 74) -> 1
(2, 79) -> 1
(2, 60) -> 1
(2, 97) -> 1
(0, 98) -> 1
(1, 74) -> 1
(1, 54) -> 1
(0, 79) -> 1
(1, 65) -> 3
(1, 75) -> 3
(3, 74) -> 0
(2, 79) -> 0
(2, 60) -> 0
(2, 97) -> 0
(0, 98) -> 0
(1, 74) -> 0
(1, 54) -> 0
(0, 79) -> 0
(1, 65) -> 1
(1, 75) -> 1
(3, 74) -> 3
(2, 79) -> 3
(2, 60) -> 3
(2, 97) -> 3
(0, 98) -> 3
(1, 74) -> 3
(1, 54) -> 3
(0, 79) -> 3
(1, 65) -> 0
(1, 75) -> 0
(3, 74) -> 1
(2, 79) -> 1
(2, 60) -> 1
(2, 97) -> 0
(0, 98) -> 1
(1, 74) -> 1
(1, 54) -> 1
(0, 79) -> 1
(1, 65) -> 3
(1, 75) -> 3
(2, 97) -> 3
(3, 74) -> 0
(2, 79) -> 0
(2, 60) -> 0
(0, 98) -> 0
(1, 74) -> 0
(1, 54) -> 0
(0, 79) -> 0
(1, 65) -> 1
(1, 75) -> 1
(2, 97) -> 1
(3, 74) -> 3
(2, 79) -> 2
(2, 60) -> 3
(0, 98) -> 3
(1, 74) -> 3
(1, 54) -> 3
(0, 79) -> 3
(1, 65) -> 0
(1, 75) -> 0
(2, 97) -> 0
(2, 79) -> 3
(3, 74) -> 1
(2, 60) -> 1
(0, 98) -> 1
(1, 74) -> 1
(1, 54) -> 1
(0, 79) -> 1
(2, 79) -> 1
(1, 65) -> 3
(1, 75) -> 3
(2, 97) -> 3
(3, 74) -> 0
(2, 60) -> 0
(0, 98) -> 0
(1, 74) -> 0
(1, 54) -> 0
(0, 79) -> 0
(2, 79) -> 0
(1, 65) -> 1
(1, 75) -> 1
(2, 97) -> 1
(3, 74) -> 3
(2, 60) -> 2
(0, 98) -> 3
(1, 74) -> 3
(1, 54) -> 3
(0, 79) -> 3
(2, 79) -> 3
(1, 65) -> 0
(1, 75) -> 0
(2, 97) -> 0
(2, 60) -> 3
(3, 74) -> 1
(0, 98) -> 0
(1, 74) -> 0
(1, 54) -> 1
(0, 79) -> 1
(2, 79) -> 1
(2, 60) -> 1
(1, 65) -> 3
(1, 75) -> 3
(2, 97) -> 3
(0, 98) -> 3
(1, 74) -> 3
(3, 74) -> 0
(1, 54) -> 0
(0, 79) -> 0
(2, 79) -> 0
(2, 60) -> 0
(1, 65) -> 1
(1, 75) -> 1
(2, 97) -> 1
(0, 98) -> 1
(1, 74) -> 1
(3, 74) -> 3
(1, 54) -> 2
(0, 79) -> 3
(2, 79) -> 3
(2, 60) -> 3
(1, 65) -> 0
(1, 75) -> 0
(2, 97) -> 0
(0, 98) -> 0
(1, 74) -> 0
(1, 54) -> 3
(3, 74) -> 1
(0, 79) -> 1
(2, 79) -> 1
(2, 60) -> 1
(1, 54) -> 1
(1, 65) -> 3
(1, 75) -> 3
(2, 97) -> 3
(0, 98) -> 3
(1, 74) -> 3
(3, 74) -> 0
(0, 79) -> 0
(2, 79) -> 0
(2, 60) -> 0
(1, 54) -> 0
(1, 65) -> 1
(1, 75) -> 1
(2, 97) -> 1
(0, 98) -> 1
(1, 74) -> 1
(3, 74) -> 3
(0, 79) -> 3
(2, 79) -> 3
(2, 60) -> 3
(1, 54) -> 3
(1, 65) -> 0
(1, 75) -> 0
(2, 97) -> 0
(0, 98) -> 0
(1, 74) -> 0
(3, 74) -> 1
(0, 79) -> 1
(2, 79) -> 1
(2, 60) -> 1
(1, 54) -> 1
(1, 65) -> 3
(1, 75) -> 3
(2, 97) -> 3
(0, 98) -> 3
(1, 74) -> 3
(3, 74) -> 0
(0, 79) -> 0
(2, 79) -> 0
(2, 60) -> 0
(1, 54) -> 0
(1, 65) -> 1
(1, 75) -> 1
(2, 97) -> 1
(0, 98) -> 1
(1, 74) -> 1
(3, 74) -> 3
(0, 79) -> 3
(2, 79) -> 3
(2, 60) -> 3
(1, 54) -> 3
(1, 65) -> 0
(1, 75) -> 0
(2, 97) -> 0
(0, 98) -> 0
(1, 74) -> 0
(3, 74) -> 1
(0, 79) -> 1
(2, 79) -> 1
(2, 60) -> 1
(1, 54) -> 1
(1, 65) -> 3
(1, 75) -> 3
(2, 97) -> 3
(0, 98) -> 3
(1, 74) -> 3
(3, 74) -> 0
(0, 79) -> 0
(2, 79) -> 0
(2, 60) -> 0
(1, 54) -> 0
(1, 65) -> 1
(1, 75) -> 1
(2, 97) -> 0
(0, 98) -> 1
(1, 74) -> 1
(3, 74) -> 3
(0, 79) -> 3
(2, 79) -> 3
(2, 60) -> 3
(1, 54) -> 3
(2, 97) -> 3
(1, 65) -> 0
(1, 75) -> 0
(0, 98) -> 0
(1, 74) -> 0
(3, 74) -> 1
(0, 79) -> 1
(2, 79) -> 1
(2, 60) -> 1
(1, 54) -> 1
(2, 97) -> 1
(1, 65) -> 3
(1, 75) -> 3
(0, 98) -> 3
(1, 74) -> 3
(3, 74) -> 0
(0, 79) -> 0
(2, 79) -> 0
(2, 60) -> 0
(1, 54) -> 0
(2, 97) -> 0
(1, 65) -> 1
(1, 75) -> 1
(0, 98) -> 1
(1, 74) -> 1
(3, 74) -> 2
(0, 79) -> 3
(2, 79) -> 3
(2, 60) -> 3
(1, 54) -> 3
(2, 97) -> 3
(1, 65) -> 0
(1, 75) -> 0
(0, 98) -> 0
(1, 74) -> 0
(3, 74) -> 3
(0, 79) -> 1
(2, 79) -> 1
(2, 60) -> 1
(1, 54) -> 1
(2, 97) -> 1
(3, 74) -> 1
(1, 65) -> 3
(1, 75) -> 3
(0, 98) -> 3
(1, 74) -> 3
(0, 79) -> 0
(2, 79) -> 0
(2, 60) -> 0
(1, 54) -> 0
(2, 97) -> 0
(3, 74) -> 0
(1, 65) -> 1
(1, 75) -> 1
(0, 98) -> 0
(1, 74) -> 0
(0, 79) -> 3
(2, 79) -> 3
(2, 60) -> 3
(1, 54) -> 3
(2, 97) -> 3
(3, 74) -> 3
(0, 98) -> 3
(1, 74) -> 3
(1, 65) -> 0
(1, 75) -> 0
(0, 79) -> 1
(2, 79) -> 1
(2, 60) -> 1
(1, 54) -> 1
(2, 97) -> 1
(3, 74) -> 1
(0, 98) -> 1
(1, 74) -> 1
(1, 65) -> 3
(1, 75) -> 3
(0, 79) -> 0
(2, 79) -> 0
(2, 60) -> 0
(1, 54) -> 0
(2, 97) -> 0
(3, 74) -> 0
(0, 98) -> 0
(1, 74) -> 0
(1, 65) -> 1
(1, 75) -> 1
(0, 79) -> 3
(2, 79) -> 3
(2, 60) -> 3
(1, 54) -> 3
(2, 97) -> 3
(3, 74) -> 3
(0, 98) -> 2
(1, 74) -> 3
(1, 65) -> 0
(1, 75) -> 0
(0, 98) -> 3
(0, 79) -> 1
(2, 79) -> 1
(2, 60) -> 1
(1, 54) -> 1
(2, 97) -> 1
(3, 74) -> 1
(1, 74) -> 1
(0, 98) -> 1
(1, 65) -> 3
(1, 75) -> 3
(0, 79) -> 0
(2, 79) -> 0
(2, 60) -> 0
(1, 54) -> 0
(2, 97) -> 0
(3, 74) -> 0
(1, 74) -> 0
(0, 98) -> 0
(1, 65) -> 1
(1, 75) -> 1
(0, 79) -> 3
(2, 79) -> 3
(2, 60) -> 3
(1, 54) -> 3
(2, 97) -> 3
(3, 74) -> 3
(1, 74) -> 3
(0, 98) -> 3
(1, 65) -> 0
(1, 75) -> 0
(0, 79) -> 1
(2, 79) -> 1
(2, 60) -> 1
(1, 54) -> 1
(2, 97) -> 1
(3, 74) -> 1
(1, 74) -> 1
(0, 98) -> 1
(1, 65) -> 3
(1, 75) -> 2
(0, 79) -> 0
(2, 79) -> 0
(2, 60) -> 0
(1, 54) -> 0
(2, 97) -> 0
(3, 74) -> 0
(1, 74) -> 0
(0, 98) -> 0
(1, 75) -> 3
(1, 65) -> 1
(1, 75) -> 1
(0, 79) -> 3
(2, 79) -> 3
(2, 60) -> 3
(1, 54) -> 3
(2, 97) -> 3
(3, 74) -> 3
(1, 74) -> 3
(0, 98) -> 3
(1, 65) -> 0
(1, 75) -> 0
(0, 79) -> 1
(2, 79) -> 1
(2, 60) -> 1
(1, 54) -> 1
(2, 97) -> 0
(3, 74) -> 1
(1, 74) -> 1
(0, 98) -> 1
(1, 65) -> 3
(1, 75) -> 3
(2, 97) -> 3
(0, 79) -> 0
(2, 79) -> 0
(2, 60) -> 0
(1, 54) -> 0
(3, 74) -> 0
(1, 74) -> 0
(0, 98) -> 0
(1, 65) -> 1
(1, 75) -> 1
(2, 97) -> 1
(0, 79) -> 3
(2, 79) -> 3
(2, 60) -> 3
(1, 54) -> 3
(3, 74) -> 3
(1, 74) -> 2
(0, 98) -> 3
(1, 65) -> 0
(1, 75) -> 0
(2, 97) -> 0
(1, 74) -> 3
(0, 79) -> 1
(2, 79) -> 1
(2, 60) -> 1
(1, 54) -> 1
(3, 74) -> 1
(0, 98) -> 1
(1, 74) -> 1
(1, 65) -> 3
(1, 75) -> 3
(2, 97) -> 3
(0, 79) -> 0
(2, 79) -> 0
(2, 60) -> 0
(1, 54) -> 0
(3, 74) -> 0
(0, 98) -> 0
(1, 74) -> 0
(1, 65) -> 1
(1, 75) -> 1
(2, 97) -> 1
(0, 79) -> 3
(2, 79) -> 3
(2, 60) -> 3
(1, 54) -> 3
(3, 74) -> 3
(0, 98) -> 3
(1, 74) -> 3
(1, 65) -> 0
(1, 75) -> 0
(2, 97) -> 0
(0, 79) -> 1
(2, 79) -> 1
(2, 60) -> 1
(1, 54) -> 1
(3, 74) -> 1
(0, 98) -> 0
(1, 74) -> 1
(1, 65) -> 2
(1, 75) -> 3
(2, 97) -> 3
(0, 98) -> 3
(0, 79) -> 0
(2, 79) -> 0
(2, 60) -> 0
(1, 54) -> 0
(3, 74) -> 0
(1, 74) -> 0
(1, 65) -> 3
(1, 75) -> 1
(2, 97) -> 1
(0, 98) -> 1
(1, 65) -> 1
(0, 79) -> 3
(2, 79) -> 3
(2, 60) -> 3
(1, 54) -> 3
(3, 74) -> 3
(1, 74) -> 3
(1, 75) -> 0
(2, 97) -> 0
(0, 98) -> 0
(1, 65) -> 0
(0, 79) -> 1
(2, 79) -> 1
(2, 60) -> 1
(1, 54) -> 1
(3, 74) -> 1
(1, 74) -> 1
(1, 75) -> 3
(2, 97) -> 3
(0, 98) -> 3
(1, 65) -> 3
(0, 79) -> 0
(2, 79) -> 0
(2, 60) -> 0
(1, 54) -> 0
(3, 74) -> 0
(1, 74) -> 0
(1, 75) -> 1
(2, 97) -> 1
(0, 98) -> 1
(1, 65) -> 1
(0, 79) -> 3
(2, 79) -> 3
(2, 60) -> 3
(1, 54) -> 3
(3, 74) -> 3
(1, 74) -> 3
(1, 75) -> 0
(2, 97) -> 0
(0, 98) -> 0
(1, 65) -> 0
(0, 79) -> 1
(2, 79) -> 1
(2, 60) -> 1
(1, 54) -> 1
(3, 74) -> 1
(1, 74) -> 1
(1, 75) -> 3
(2, 97) -> 2
(0, 98) -> 3
(1, 65) -> 3
(0, 79) -> 0
(2, 79) -> 0
(2, 60) -> 0
(1, 54) -> 0
(3, 74) -> 0
(1, 74) -> 0
(2, 97) -> 3
(1, 75) -> 1
(0, 98) -> 1
(1, 65) -> 1
(2, 97) -> 1
(0, 79) -> 3
(2, 79) -> 3
(2, 60) -> 3
(1, 54) -> 3
(3, 74) -> 3
(1, 74) -> 3
(1, 75) -> 0
(0, 98) -> 0
(1, 65) -> 0
(2, 97) -> 0
(0, 79) -> 1
(2, 79) -> 1
(2, 60) -> 1
(1, 54) -> 1
(3, 74) -> 1
(1, 74) -> 1
(1, 75) -> 3
(0, 98) -> 3
(1, 65) -> 3
(2, 97) -> 3
(0, 79) -> 0
(2, 79) -> 0
(2, 60) -> 0
(1, 54) -> 0
(3, 74) -> 0
(1, 74) -> 0
(1, 75) -> 1
(0, 98) -> 1
(1, 65) -> 1
(2, 97) -> 1
(0, 79) -> 3
(2, 79) -> 3
(2, 60) -> 3
(1, 54) -> 3
(3, 74) -> 3
(1, 74) -> 3
(1, 75) -> 0
(0, 98) -> 0
(1, 65) -> 0
(2, 97) -> 0
(0, 79) -> 1
(2, 79) -> 1
(2, 60) -> 1
(1, 54) -> 1
(3, 74) -> 1
(1, 74) -> 1
(1, 75) -> 3
(0, 98) -> 3
(1, 65) -> 3
(2, 97) -> 3
(0, 79) -> 0
(2, 79) -> 0
(2, 60) -> 0
(1, 54) -> 0
(3, 74) -> 0
(1, 74) -> 0
(1, 75) -> 1
(0, 98) -> 1
(1, 65) -> 1
(2, 97) -> 1
(0, 79) -> 3
(2, 79) -> 3
(2, 60) -> 3
(1, 54) -> 3
(3, 74) -> 3
(1, 74) -> 3
(1, 75) -> 0
(0, 98) -> 0
(1, 65) -> 0
(2, 97) -> 0
(0, 79) -> 1
(2, 79) -> 1
(2, 60) -> 1
(1, 54) -> 1
(3, 74) -> 1
(1, 74) -> 1
(1, 75) -> 3
(0, 98) -> 3
(1, 65) -> 3
(2, 97) -> 3
(0, 79) -> 0
(2, 79) -> 0
(2, 60) -> 0
(1, 54) -> 0
(3, 74) -> 0
(1, 74) -> 0
(1, 75) -> 1
(0, 98) -> 0
(1, 65) -> 1
(2, 97) -> 1
(0, 79) -> 3
(2, 79) -> 3
(2, 60) -> 3
(1, 54) -> 3
(3, 74) -> 3
(1, 74) -> 3
(0, 98) -> 3
(1, 75) -> 0
(1, 65) -> 0
(2, 97) -> 0
(0, 79) -> 1
(2, 79) -> 1
(2, 60) -> 1
(1, 54) -> 1
(3, 74) -> 1
(1, 74) -> 1
(0, 98) -> 1
(1, 75) -> 3
(1, 65) -> 3
(2, 97) -> 3
(0, 79) -> 0
(2, 79) -> 0
(2, 60) -> 0
(1, 54) -> 0
(3, 74) -> 0
(1, 74) -> 0
(0, 98) -> 0
(1, 75) -> 1
(1, 65) -> 1
(2, 97) -> 1
(0, 79) -> 3
(2, 79) -> 3
(2, 60) -> 3
(1, 54) -> 3
(3, 74) -> 3
(1, 74) -> 3
(0, 98) -> 3
(1, 75) -> 0
(1, 65) -> 0
(2, 97) -> 0
(0, 79) -> 1
(2, 79) -> 1
(2, 60) -> 1
(1, 54) -> 1
(3, 74) -> 1
(1, 74) -> 1
(0, 98) -> 1
(1, 75) -> 3
(1, 65) -> 3
(2, 97) -> 3
(0, 79) -> 0
(2, 79) -> 0
(2, 60) -> 0
(1, 54) -> 0
(3, 74) -> 0
(1, 74) -> 0
(0, 98) -> 0
(1, 75) -> 1
(1, 65) -> 1
(2, 97) -> 1
(0, 79) -> 2
(2, 79) -> 3
(2, 60) -> 3
(1, 54) -> 3
(3, 74) -> 3
(1, 74) -> 3
(0, 98) -> 3
(1, 75) -> 0
(1, 65) -> 0
(2, 97) -> 0
(0, 79) -> 3
(2, 79) -> 1
(2, 60) -> 1
(1, 54) -> 1
(3, 74) -> 1
(1, 74) -> 1
(0, 98) -> 1
(0, 79) -> 1
(1, 75) -> 3
(1, 65) -> 3
(2, 97) -> 3
(2, 79) -> 0
(2, 60) -> 0
(1, 54) -> 0
(3, 74) -> 0
(1, 74) -> 0
(0, 98) -> 0
(0, 79) -> 0
(1, 75) -> 1
(1, 65) -> 1
(2, 97) -> 1
(2, 79) -> 3
(2, 60) -> 3
(1, 54) -> 3
(3, 74) -> 3
(1, 74) -> 3
(0, 98) -> 3
(0, 79) -> 3
(1, 75) -> 0
(1, 65) -> 0
(2, 97) -> 0
(2, 79) -> 1
(2, 60) -> 1
(1, 54) -> 1
(3, 74) -> 1
(1, 74) -> 1
(0, 98) -> 1
(0, 79) -> 1
(1, 75) -> 3
(1, 65) -> 3
(2, 97) -> 3
(2, 79) -> 0
(2, 60) -> 0
(1, 54) -> 0
(3, 74) -> 0
(1, 74) -> 0
(0, 98) -> 0
(0, 79) -> 0
(1, 75) -> 1
(1, 65) -> 1
(2, 97) -> 1
(2, 79) -> 2
(2, 60) -> 3
(1, 54) -> 3
(3, 74) -> 3
(1, 74) -> 3
(0, 98) -> 3
(0, 79) -> 3
(1, 75) -> 0
(1, 65) -> 0
(2, 97) -> 0
(2, 79) -> 1
(2, 60) -> 1
(1, 54) -> 1
(3, 74) -> 1
(1, 74) -> 1
(0, 98) -> 1
(0, 79) -> 1
(1, 75) -> 3
(1, 65) -> 3
(2, 97) -> 3
(2, 79) -> 0
(2, 60) -> 0
(1, 54) -> 0
(3, 74) -> 0
(1, 74) -> 0
(0, 98) -> 0
(0, 79) -> 0
(1, 75) -> 1
(1, 65) -> 1
(2, 97) -> 1
(2, 79) -> 3
(2, 60) -> 2
(1, 54) -> 3
(3, 74) -> 3
(1, 74) -> 3
(0, 98) -> 3
(0, 79) -> 3
(1, 75) -> 0
(1, 65) -> 0
(2, 97) -> 0
(2, 60) -> 3
(2, 79) -> 1
(1, 54) -> 1
(3, 74) -> 1
(1, 74) -> 1
(0, 98) -> 0
(0, 79) -> 1
(2, 60) -> 1
(1, 75) -> 3
(1, 65) -> 3
(2, 97) -> 3
(0, 98) -> 3
(2, 79) -> 0
(1, 54) -> 0
(3, 74) -> 0
(1, 74) -> 0
(0, 79) -> 0
(2, 60) -> 0
(1, 75) -> 1
(1, 65) -> 1
(2, 97) -> 1
(0, 98) -> 1
(2, 79) -> 3
(1, 54) -> 2
(3, 74) -> 3
(1, 74) -> 3
(0, 79) -> 3
(2, 60) -> 3
(1, 75) -> 0
(1, 65) -> 0
(2, 97) -> 0
(0, 98) -> 0
(1, 54) -> 3
(2, 79) -> 1
(3, 74) -> 1
(1, 74) -> 1
(0, 79) -> 0
(2, 60) -> 1
(1, 54) -> 1
(1, 75) -> 3
(1, 65) -> 3
(2, 97) -> 3
(0, 98) -> 3
(0, 79) -> 3
(2, 79) -> 0
(3, 74) -> 0
(1, 74) -> 0
(2, 60) -> 0
(1, 54) -> 0
(1, 75) -> 1
(1, 65) -> 1
(2, 97) -> 1
(0, 98) -> 1
(0, 79) -> 1
(2, 79) -> 2
(3, 74) -> 3
(1, 74) -> 3
(2, 60) -> 3
(1, 54) -> 3
(1, 75) -> 0
(1, 65) -> 0
(2, 97) -> 0
(0, 98) -> 0
(0, 79) -> 0
(2, 79) -> 3
(3, 74) -> 1
(1, 74) -> 1
(2, 60) -> 1
(1, 54) -> 1
(2, 79) -> 1
(1, 75) -> 3
(1, 65) -> 3
(2, 97) -> 3
(0, 98) -> 3
(0, 79) -> 3
(3, 74) -> 0
(1, 74) -> 0
(2, 60) -> 0
(1, 54) -> 0
(2, 79) -> 0
(1, 75) -> 1
(1, 65) -> 1
(2, 97) -> 1
(0, 98) -> 1
(0, 79) -> 1
(3, 74) -> 3
(1, 74) -> 3
(2, 60) -> 3
(1, 54) -> 3
(2, 79) -> 3
(1, 75) -> 0
(1, 65) -> 0
(2, 97) -> 0
(0, 98) -> 0
(0, 79) -> 0
(3, 74) -> 1
(1, 74) -> 1
(2, 60) -> 1
(1, 54) -> 1
(2, 79) -> 1
(1, 75) -> 3
(1, 65) -> 3
(2, 97) -> 3
(0, 98) -> 3
(0, 79) -> 3
(3, 74) -> 0
(1, 74) -> 0
(2, 60) -> 0
(1, 54) -> 0
(2, 79) -> 0
(1, 75) -> 1
(1, 65) -> 1
(2, 97) -> 1
(0, 98) -> 1
(0, 79) -> 1
(3, 74) -> 3
(1, 74) -> 3
(2, 60) -> 3
(1, 54) -> 3
(2, 79) -> 3
(1, 75) -> 0
(1, 65) -> 0
(2, 97) -> 0
(0, 98) -> 0
(0, 79) -> 0
(3, 74) -> 1
(1, 74) -> 1
(2, 60) -> 0
(1, 54) -> 1
(2, 79) -> 1
(1, 75) -> 3
(1, 65) -> 3
(2, 97) -> 3
(0, 98) -> 3
(0, 79) -> 3
(2, 60) -> 3
(3, 74) -> 0
(1, 74) -> 0
(1, 54) -> 0
(2, 79) -> 0
(1, 75) -> 1
(1, 65) -> 1
(2, 97) -> 1
(0, 98) -> 1
(0, 79) -> 1
(2, 60) -> 1
(3, 74) -> 2
(1, 74) -> 3
(1, 54) -> 3
(2, 79) -> 3
(1, 75) -> 0
(1, 65) -> 0
(2, 97) -> 0
(0, 98) -> 0
(0, 79) -> 0
(2, 60) -> 0
(3, 74) -> 3
(1, 74) -> 1
(1, 54) -> 1
(2, 79) -> 1
(3, 74) -> 1
(1, 75) -> 3
(1, 65) -> 3
(2, 97) -> 3
(0, 98) -> 3
(0, 79) -> 3
(2, 60) -> 3
(1, 74) -> 0
(1, 54) -> 0
(2, 79) -> 0
(3, 74) -> 0
(1, 75) -> 1
(1, 65) -> 1
(2, 97) -> 1
(0, 98) -> 0
(0, 79) -> 1
(2, 60) -> 1
(1, 74) -> 3
(1, 54) -> 3
(2, 79) -> 3
(3, 74) -> 3
(0, 98) -> 3
(1, 75) -> 0
(1, 65) -> 0
(2, 97) -> 0
(0, 79) -> 0
(2, 60) -> 0
(1, 74) -> 1
(1, 54) -> 1
(2, 79) -> 0
(3, 74) -> 1
(0, 98) -> 1
(1, 75) -> 3
(1, 65) -> 3
(2, 97) -> 3
(0, 79) -> 3
(2, 60) -> 3
(2, 79) -> 3
(1, 74) -> 0
(1, 54) -> 0
(3, 74) -> 0
(0, 98) -> 0
(1, 75) -> 1
(1, 65) -> 1
(2, 97) -> 1
(0, 79) -> 0
(2, 60) -> 1
(2, 79) -> 1
(1, 74) -> 3
(1, 54) -> 3
(3, 74) -> 3
(0, 98) -> 3
(0, 79) -> 3
(1, 75) -> 0
(1, 65) -> 0
(2, 97) -> 0
(2, 60) -> 0
(2, 79) -> 0
(1, 74) -> 1
(1, 54) -> 1
(3, 74) -> 1
(0, 98) -> 1
(0, 79) -> 1
(1, 75) -> 3
(1, 65) -> 3
(2, 97) -> 3
(2, 60) -> 3
(2, 79) -> 3
(1, 74) -> 0
(1, 54) -> 0
(3, 74) -> 0
(0, 98) -> 0
(0, 79) -> 0
(1, 75) -> 1
(1, 65) -> 1
(2, 97) -> 1
(2, 60) -> 1
(2, 79) -> 1
(1, 74) -> 3
(1, 54) -> 3
(3, 74) -> 3
(0, 98) -> 3
(0, 79) -> 3
(1, 75) -> 0
(1, 65) -> 0
(2, 97) -> 0
(2, 60) -> 0
(2, 79) -> 0
(1, 74) -> 1
(1, 54) -> 1
(3, 74) -> 1
(0, 98) -> 1
(0, 79) -> 1
(1, 75) -> 2
(1, 65) -> 3
(2, 97) -> 3
(2, 60) -> 3
(2, 79) -> 3
(1, 74) -> 0
(1, 54) -> 0
(3, 74) -> 0
(0, 98) -> 0
(0, 79) -> 0
(1, 75) -> 3
(1, 65) -> 1
(2, 97) -> 1
(2, 60) -> 1
(2, 79) -> 1
(1, 75) -> 1
(1, 74) -> 3
(1, 54) -> 3
(3, 74) -> 3
(0, 98) -> 3
(0, 79) -> 3
(1, 65) -> 0
(2, 97) -> 0
(2, 60) -> 0
(2, 79) -> 0
(1, 75) -> 0
(1, 74) -> 1
(1, 54) -> 1
(3, 74) -> 1
(0, 98) -> 1
(0, 79) -> 1
(1, 65) -> 3
(2, 97) -> 3
(2, 60) -> 3
(2, 79) -> 3
(1, 75) -> 3
(1, 74) -> 0
(1, 54) -> 0
(3, 74) -> 0
(0, 98) -> 0
(0, 79) -> 0
(1, 65) -> 1
(2, 97) -> 1
(2, 60) -> 0
(2, 79) -> 1
(1, 75) -> 1
(1, 74) -> 2
(1, 54) -> 3
(3, 74) -> 3
(0, 98) -> 3
(0, 79) -> 3
(2, 60) -> 3
(1, 65) -> 0
(2, 97) -> 0
(2, 79) -> 0
(1, 75) -> 0
(1, 74) -> 1
(1, 54) -> 1
(3, 74) -> 1
(0, 98) -> 1
(0, 79) -> 1
(2, 60) -> 1
(1, 65) -> 3
(2, 97) -> 3
(2, 79) -> 3
(1, 75) -> 3
(1, 74) -> 0
(1, 54) -> 0
(3, 74) -> 0
(0, 98) -> 0
(0, 79) -> 0
(2, 60) -> 0
(1, 65) -> 1
(2, 97) -> 1
(2, 79) -> 1
(1, 75) -> 1
(1, 74) -> 3
(1, 54) -> 3
(3, 74) -> 3
(0, 98) -> 3
(0, 79) -> 3
(2, 60) -> 3
(1, 65) -> 0
(2, 97) -> 0
(2, 79) -> 0
(1, 75) -> 0
(1, 74) -> 1
(1, 54) -> 1
(3, 74) -> 1
(0, 98) -> 0
(0, 79) -> 1
(2, 60) -> 1
(1, 65) -> 2
(2, 97) -> 3
(2, 79) -> 3
(1, 75) -> 3
(0, 98) -> 3
(1, 74) -> 0
(1, 54) -> 0
(3, 74) -> 0
(0, 79) -> 0
(2, 60) -> 0
(1, 65) -> 3
(2, 97) -> 1
(2, 79) -> 0
(1, 75) -> 1
(0, 98) -> 1
(1, 65) -> 1
(1, 74) -> 3
(1, 54) -> 3
(3, 74) -> 3
(0, 79) -> 3
(2, 60) -> 3
(2, 79) -> 3
(2, 97) -> 0
(1, 75) -> 0
(0, 98) -> 0
(1, 65) -> 0
(1, 74) -> 1
(1, 54) -> 1
(3, 74) -> 1
(0, 79) -> 0
(2, 60) -> 1
(2, 79) -> 1
(2, 97) -> 3
(1, 75) -> 3
(0, 98) -> 3
(1, 65) -> 3
(0, 79) -> 3
(1, 74) -> 0
(1, 54) -> 0
(3, 74) -> 0
(2, 60) -> 0
(2, 79) -> 0
(2, 97) -> 1
(1, 75) -> 1
(0, 98) -> 1
(1, 65) -> 1
(0, 79) -> 1
(1, 74) -> 2
(1, 54) -> 3
(3, 74) -> 3
(2, 60) -> 3
(2, 79) -> 3
(2, 97) -> 0
(1, 75) -> 0
(0, 98) -> 0
(1, 65) -> 0
(0, 79) -> 0
(1, 74) -> 3
(1, 54) -> 1
(3, 74) -> 1
(2, 60) -> 1
(2, 79) -> 1
(1, 74) -> 1
(2, 97) -> 2
(1, 75) -> 3
(0, 98) -> 3
(1, 65) -> 3
(0, 79) -> 3
(1, 54) -> 0
(3, 74) -> 0
(2, 60) -> 0
(2, 79) -> 0
(1, 74) -> 0
(2, 97) -> 3
(1, 75) -> 1
(0, 98) -> 1
(1, 65) -> 1
(0, 79) -> 1
(2, 97) -> 1
(1, 54) -> 3
(3, 74) -> 3
(2, 60) -> 3
(2, 79) -> 3
(1, 74) -> 3
(1, 75) -> 0
(0, 98) -> 0
(1, 65) -> 0
(0, 79) -> 0
(2, 97) -> 0
(1, 54) -> 1
(3, 74) -> 1
(2, 60) -> 1
(2, 79) -> 1
(1, 74) -> 1
(1, 75) -> 3
(0, 98) -> 3
(1, 65) -> 3
(0, 79) -> 3
(2, 97) -> 3
(1, 54) -> 0
(3, 74) -> 0
(2, 60) -> 0
(2, 79) -> 0
(1, 74) -> 0
(1, 75) -> 1
(0, 98) -> 1
(1, 65) -> 1
(0, 79) -> 1
(2, 97) -> 1
(1, 54) -> 3
(3, 74) -> 3
(2, 60) -> 3
(2, 79) -> 3
(1, 74) -> 3
(1, 75) -> 0
(0, 98) -> 0
(1, 65) -> 0
(0, 79) -> 0
(2, 97) -> 0
(1, 54) -> 1
(3, 74) -> 1
(2, 60) -> 0
(2, 79) -> 1
(1, 74) -> 1
(1, 75) -> 3
(0, 98) -> 3
(1, 65) -> 3
(0, 79) -> 3
(2, 97) -> 3
(2, 60) -> 3
(1, 54) -> 0
(3, 74) -> 0
(2, 79) -> 0
(1, 74) -> 0
(1, 75) -> 1
(0, 98) -> 1
(1, 65) -> 0
(0, 79) -> 1
(2, 97) -> 1
(2, 60) -> 1
(1, 54) -> 3
(3, 74) -> 3
(2, 79) -> 3
(1, 74) -> 3
(1, 65) -> 3
(1, 75) -> 0
(0, 98) -> 0
(0, 79) -> 0
(2, 97) -> 0
(2, 60) -> 0
(1, 54) -> 1
(3, 74) -> 1
(2, 79) -> 1
(1, 74) -> 1
(1, 65) -> 1
(1, 75) -> 3
(0, 98) -> 3
(0, 79) -> 3
(2, 97) -> 3
(2, 60) -> 3
(1, 54) -> 0
(3, 74) -> 0
(2, 79) -> 0
(1, 74) -> 0
(1, 65) -> 0
(1, 75) -> 1
(0, 98) -> 0
(0, 79) -> 1
(2, 97) -> 1
(2, 60) -> 1
(1, 54) -> 3
(3, 74) -> 3
(2, 79) -> 3
(1, 74) -> 3
(1, 65) -> 3
(0, 98) -> 3
(1, 75) -> 0
(0, 79) -> 0
(2, 97) -> 0
(2, 60) -> 0
(1, 54) -> 1
(3, 74) -> 1
(2, 79) -> 0
(1, 74) -> 1
(1, 65) -> 1
(0, 98) -> 1
(1, 75) -> 3
(0, 79) -> 3
(2, 97) -> 3
(2, 60) -> 3
(2, 79) -> 3
(1, 54) -> 0
(3, 74) -> 0
(1, 74) -> 0
(1, 65) -> 0
(0, 98) -> 0
(1, 75) -> 1
(0, 79) -> 0
(2, 97) -> 1
(2, 60) -> 1
(2, 79) -> 1
(1, 54) -> 3
(3, 74) -> 3
(1, 74) -> 3
(1, 65) -> 3
(0, 98) -> 3
(0, 79) -> 3
(1, 75) -> 0
(2, 97) -> 0
(2, 60) -> 0
(2, 79) -> 0
(1, 54) -> 1
(3, 74) -> 1
(1, 74) -> 1
(1, 65) -> 1
(0, 98) -> 1
(0, 79) -> 1
(1, 75) -> 3
(2, 97) -> 3
(2, 60) -> 3
(2, 79) -> 3
(1, 54) -> 0
(3, 74) -> 0
(1, 74) -> 0
(1, 65) -> 0
(0, 98) -> 0
(0, 79) -> 0
(1, 75) -> 1
(2, 97) -> 1
(2, 60) -> 1
(2, 79) -> 1
(1, 54) -> 3
(3, 74) -> 3
(1, 74) -> 3
(1, 65) -> 3
(0, 98) -> 3
(0, 79) -> 3
(1, 75) -> 0
(2, 97) -> 0
(2, 60) -> 0
(2, 79) -> 0
(1, 54) -> 1
(3, 74) -> 1
(1, 74) -> 1
(1, 65) -> 1
(0, 98) -> 1
(0, 79) -> 1
(1, 75) -> 3
(2, 97) -> 3
(2, 60) -> 3
(2, 79) -> 3
(1, 54) -> 0
(3, 74) -> 0
(1, 74) -> 0
(1, 65) -> 0
(0, 98) -> 0
(0, 79) -> 0
(1, 75) -> 1
(2, 97) -> 1
(2, 60) -> 1
(2, 79) -> 1
