Loading data from scanner 0
Loading data from scanner 1
Loading data from scanner 2
Loading data from scanner 3
Loading data from scanner 4
all scanners loaded
Match between 0 and 1 for (0,180,0)
Realign 1
Match between 0 and 4 for (0,90,270)
Realign 4
Match between 1 and 2 for (90,180,0)
Realign 2
Match between 1 and 3 for (0,180,0)
Realign 3
post align align summary
404 -588 -901
528 -643 409
-838 591 734
390 -675 -793
-537 -823 -458
-485 -357 347
-345 -311 381
-661 -816 -575
-876 649 763
-618 -824 -621
553 345 -567
474 580 667
-447 -329 318
-584 868 -557
544 -627 -890
564 392 -477
455 729 728
-892 524 684
-689 845 -530
423 -701 434
7 -33 -71
630 319 -379
443 580 662
-789 900 -551
459 -707 401
-618 -824 -621
-537 -823 -458
-447 -329 318
404 -588 -901
-27 -1108 -65
544 -627 -890
408 -1815 803
-499 -1607 -770
528 -643 409
-601 -1648 -643
-661 -816 -575
568 -2007 -577
390 -675 -793
534 -1912 768
497 -1838 -617
423 -701 434
-635 -1737 486
396 -1931 -563
-345 -311 381
459 -707 401
-518 -1681 -600
432 -2009 850
-739 -1745 668
-687 -1600 576
-485 -357 347
-612 -1695 1788
534 -1912 768
-631 -672 1502
-485 -357 347
-447 -329 318
459 -707 401
612 -1593 1893
465 -695 1988
-413 -627 1469
-456 -621 1527
-36 -1284 1171
408 -1815 803
-739 -1745 668
432 -2009 850
456 -540 1869
-635 -1737 486
-687 -1600 576
-345 -311 381
423 -701 434
527 -524 1933
-532 -1715 1894
-624 -1620 1868
496 -1584 1900
605 -1665 1952
528 -643 409
26 -1119 1091
456 -540 1869
423 -701 434
1889 -1729 1762
1749 -1800 1813
1693 -557 386
1135 -1161 1235
1779 -442 1789
605 -1665 1952
496 -1584 1900
1660 -552 429
1780 -1548 337
408 -1815 803
527 -524 1933
612 -1593 1893
1776 -675 371
1772 -405 1572
534 -1912 768
1243 -1093 1063
1994 -1805 1792
459 -707 401
465 -695 1988
1735 -437 1738
1786 -1538 337
432 -2009 850
1847 -1591 415
528 -643 409
497 -1838 -617
-697 -3072 -689
408 -1815 803
568 -2007 -577
366 -3059 397
396 -1931 -563
534 -1912 768
-430 -3130 366
-620 -3212 371
-654 -3158 -753
846 -3110 -434
-635 -1737 486
432 -2009 850
-499 -1607 -770
12 -2351 -103
-470 -3283 303
686 -3108 -505
-518 -1681 -600
346 -2985 342
377 -2827 367
-601 -1648 -643
-739 -1745 668
776 -3184 -501
-706 -3180 -659
-687 -1600 576
Answer 1: 79
Answer 2: 7831
