Loading data from scanner 0
Loading data from scanner 1







[[2771
 2528
 2156
 3745
 1958
 3835
  818
 2018
 2504
 1952
 2776
 2512

  3536
 1038
 2312
 2316
  768
 2250
 2009
 2379
 1793
  951
  682
  867

  2137
]
 [1392
 1149
 2343
 2614
 1601
 2704
 2197
  639
 3095
  573
 1397
 1271

  2405
 2237
 1173
 2957
 1265
 1009
 2526
 2954
  414
 2314
 1543
 1544

  2356
]
 [1849
 1930
 2774
  693
 2098
  503
 3238
 2364
 1576
 2634
 1930
 1890

   552
 3174
 1752
 1740
 3886
 2000
 2753
 1677
 2627
 3455
 4180
 3891

  2813
]
 [2764
 2521
 2149
 3710
 1923
 3800
  889
 2011
 2469
 1945
 2769
 2303

  3501
  883
 2269
 2281
  761
 2041
 2002
 2344
 1786
  942
  675
  860

  2130
]
 [3504
 3261
 2889
 2998
 2073
 2808
  839
 2751
 1509
 2685
 3509
 1091

  2817
  581
 1371
 1569
 1643
 1325
 2742
 1522
 2526
  668
 1921
 1922

  2870
]
 [2181
 1938
 2982
 1675
 1400
 1485
 1550
 1436
 1784
 1452
 2186
  606

  1494
 1486
  518
 1856
 2198
  658
 2961
 1781
 1359
 1767
 2492
 2209

  3021
]
 [1961
 1718
 2830
 1455
 1248
 1527
 1490
 1308
 1862
 1324
 1966
  758

  1274
 1668
  558
 1724
 2138
  530
 2809
 1721
 1231
 1745
 2432
 2143

  2869
]
 [3738
 3495
 3123
 3232
 2307
 3042
  839
 2985
 1743
 2919
 3743
 1325

  3051
  581
 1605
 1765
 1735
 1559
 2976
 1756
 2760
  668
 1921
 1922

  3104
]
 [1974
 2055
 2783
  644
 2223
  514
 3363
 2489
 1677
 2759
 2055
 2015

   645
 3299
 1877
 1865
 4011
 2125
 2762
 1802
 2752
 3580
 4305
 4016

  2822
]
 [3749
 3506
 3134
 3243
 2318
 3053
  758
 2996
 1754
 2930
 3754
 1336

  3062
  500
 1616
 1776
 1746
 1570
 2987
 1767
 2771
  587
 1840
 1845

  3115
]
 [1355
 1112
  816
 2627
 1254
 2717
 2086
 2014
 1386
 2030
 1360
 3260

  2418
 2274
 3060
 1198
 1024
 2998
  873
 1261
 1937
 2351
 1242
  953

   721
]
 [ 459
  540
 1406
 1079
 1466
 1169
 3476
 1094
 2076
 1244
  540
 2448

   888
 3664
 2168
 2008
 2496
 2214
 1507
 2017
 1237
 3741
 2790
 2501

  1445
]
 [2144
 1901
 2887
 1638
 1305
 1506
 1511
 1455
 1715
 1471
 2149
  701

  1457
 1485
  537
 1761
 2159
  677
 2866
 1686
 1378
 1728
 2453
 2164

  2926
]
 [2851
 2606
 1344
 1873
 1988
 1761
 1970
 3664
  494
 3680
 2840
 2804

  1866
 1906
 2746
  632
 2674
 2886
 1197
  635
 3587
 2187
 2912
 2623

  1325
]
 [2659
 2416
 2102
 3913
 2126
 4003
  986
 1906
 2672
 1840
 2664
 2602

  3704
 1128
 2472
 2484
  656
 2340
 2159
 2547
 1681
 1047
  570
  755

  2025
]
 [1207
  964
  690
 2501
 1222
 2591
 2234
 1960
 1260
 1976
 1212
 3228

  2292
 2422
 3028
 1072
 1074
 2966
  747
 1135
 1883
 2499
 1368
 1079

   595
]
 [ 688
  769
 1337
  992
 1657
 1160
 3667
 1203
 2221
 1473
  769
 2639

   957
 3855
 2359
 2199
 2725
 2405
 1400
 2208
 1466
 3932
 3019
 2730

  1376
]
 [1786
 1867
 2845
  864
 2035
  674
 3175
 2387
 1647
 2571
 1867
 1827

   683
 3111
 1689
 1719
 3823
 1937
 2824
 1644
 2564
 3392
 4117
 3828

  2884
]
 [2906
 2661
 1445
 1928
 2043
 1816
 2079
 3719
  549
 3735
 2895
 2859

  1921
 2015
 2801
  687
 2729
 2941
 1298
  690
 3642
 2296
 3021
 2732

  1426
]
 [1530
 1325
 2505
 2542
 1579
 2632
 2175
  777
 3073
  711
 1535
 1083

  2333
 2169
 1101
 2935
 1453
  853
 2504
 2932
  552
 2176
 1731
 1732

  2544
]
 [1783
 1540
 1748
 1963
  352
 2053
 1658
 1686
 1484
 1702
 1788
 1840

  1754
 1846
 1640
 1346
 1612
 1578
 1727
 1343
 1609
 1923
 1906
 1617

  1787
]
 [1116
  923
  731
 2542
 1117
 2632
 2325
 1849
 1447
 1739
 1121
 3123

  2333
 2513
 2923
 1309
 1033
 2861
  878
 1306
 1734
 2590
 1327
 1038

   658
]
 [ 485
  566
 1432
 1053
 1430
 1143
 3440
 1130
 2040
 1270
  566
 2412

   862
 3628
 2132
 1972
 2522
 2178
 1471
 1981
 1263
 3705
 2816
 2527

  1471
]
 [3082
 2837
 1511
 2104
 2219
 1992
 2213
 3895
  725
 3911
 3071
 3035

  2097
 2149
 2977
  863
 2905
 3117
 1364
  866
 3818
 2430
 3155
 2866

  1514
]
 [1533
 1290
 2442
 2617
 1588
 2707
 2184
  780
 3082
  714
 1538
 1146

  2408
 2178
 1176
 2944
 1390
  928
 2513
 2941
  555
 2173
 1668
 1669

  2481
]]
